-359.727260398 -763.886968873 -243.749357087 1
-353.29380138 -770.262600627 -248.062067361 1
-356.33913524 -768.816337349 -247.365281238 1
-347.079194364 -765.794676532 -240.686734541 1
-356.606943334 -766.645732015 -245.148011745 1
-351.870228872 -767.852113263 -246.91140477 1
-353.639071451 -773.832134048 -250.139014077 0
-360.051800149 -766.614468207 -248.415618092 1
-360.677173376 -764.21771853 -246.833365625 1
-361.287104281 -764.504561584 -247.04317569 1
-355.292956849 -764.929122218 -242.873294025 1
-356.535730957 -765.467516401 -244.230242005 1
-354.446182154 -772.367589604 -246.74003468 0
-353.98025849 -766.357701278 -243.79025556 1
-354.325175129 -769.251219536 -248.181159121 0
-350.141053467 -767.831606166 -245.313701384 1
-357.51182638 -769.316375295 -248.757150841 1
-357.470368364 -766.197291001 -244.92700372 1
-358.163378102 -767.552000805 -244.186506464 0
-355.712411174 -767.27410123 -241.028300723 0
-359.98976144 -768.298593809 -249.949561699 1
-356.989561688 -770.161701889 -250.480687734 1
-351.359182418 -767.924649218 -246.079072713 1
-349.223061328 -770.099890028 -246.318448733 1
-355.546780458 -773.95108391 -249.366545225 0
-357.747671126 -766.530454169 -246.132733179 1
-351.599186316 -767.929175403 -246.193277671 1
-356.241861651 -767.658827472 -241.746482069 0
-358.137250448 -767.374401965 -246.810092302 1
-361.837186062 -767.434184955 -246.457725738 1
-358.089734247 -766.88640262 -243.407162561 0
-351.233429793 -767.778802856 -245.699719506 1
-353.843068007 -769.093228795 -242.312600931 0
-355.043745846 -769.052682746 -241.610437976 0
-361.248719755 -769.418279372 -245.812842129 0
-353.024509361 -769.316486754 -241.808838774 0
-350.052465484 -767.410196753 -244.347618286 1
-349.938949743 -767.106563291 -244.648438232 1
-359.907858128 -767.351636117 -239.475151518 1
-352.754392984 -769.663052358 -255.409892006 0
-356.23487953 -768.027396763 -246.898419718 1
-357.026826376 -768.704783369 -248.602707191 1
-357.252911735 -772.337452315 -247.375388245 0
-355.433759951 -769.668404902 -249.101448984 1
-344.553603006 -767.743799437 -245.986572493 0
-358.521379381 -768.480087524 -248.978093735 1
-357.645955173 -767.02263966 -246.53218563 1
-355.467709912 -769.719068376 -243.732047236 0
-363.194756107 -775.60989733 -246.418280721 0
-358.512449099 -764.860005348 -245.954687585 1
-353.374039505 -769.186202123 -249.050522249 1
-355.60921796 -764.532921009 -242.74959989 1
-352.86556009 -765.393504742 -237.212060397 1
-351.803652887 -766.930187758 -244.324833215 1
-354.932204812 -767.323323148 -245.767747604 1
-358.626581528 -769.602732086 -249.990129185 1
-353.529159863 -768.580800454 -248.61410719 1
-359.087853124 -771.783679326 -247.645499974 0
-353.593091151 -774.166271266 -250.012221749 0
-358.028536063 -766.464624628 -240.534073141 0
-354.275819931 -766.552660218 -244.16724518 1
-356.951711555 -770.295136421 -250.537723754 1
-354.515831104 -767.24426972 -245.145156301 1
-351.193344973 -768.039906705 -245.679338928 1
-357.171814988 -767.691139057 -243.075957675 0
-345.14897607 -769.109106046 -245.996511183 1
-360.975640975 -764.421565774 -246.117876429 1
-354.349082866 -770.353861473 -250.80881631 1
-359.206872609 -768.997511223 -250.10022211 1
-356.647807062 -767.621316469 -246.71212486 1
-351.516697384 -767.834293298 -246.456211953 1
-351.725796932 -771.935386415 -246.22852753 0
-354.888586881 -773.945039443 -249.187377727 0
-358.977339684 -771.534964376 -247.461482952 0
-359.845107687 -771.051586277 -248.505745888 0
-357.421429346 -767.602601663 -243.494822631 0
-351.308866628 -773.690361982 -247.253079968 0
-350.678197299 -767.652718322 -245.054510913 1
-355.359609779 -768.925628578 -246.938252696 1
-359.441598803 -763.699869083 -245.501479963 1
-358.780678364 -767.706455537 -247.378719186 1
-355.778026034 -769.390216799 -249.073483196 1
-362.519308432 -765.736674405 -248.404571765 1
-357.092143038 -765.771924516 -244.77611529 1
-357.310493501 -768.119126518 -248.393353252 1
-357.409354823 -764.985776347 -236.756114108 0
-357.367977448 -765.67294913 -244.46727792 1
-353.853111804 -766.624443135 -243.319175785 1
-359.993690159 -770.058072425 -247.627591027 0
-366.423805711 -772.427193397 -248.587184303 1
-355.776734695 -773.054680942 -247.475478103 0
-360.211699743 -764.200476442 -244.929822154 1
-360.363404281 -764.482144425 -245.723316608 1
-353.352396528 -770.906690254 -244.209334232 0
-352.508557546 -769.470331625 -248.524342019 1
-353.757551385 -768.136119343 -247.126263385 1
-361.603664872 -764.975325574 -247.65357144 1
-353.90519194 -767.713255893 -245.380160515 1
-354.61006205 -770.02816449 -251.321846093 1
-355.299313886 -767.947389486 -241.533547599 0
-349.576356453 -769.156063625 -244.997491808 1
-349.724005873 -769.948290001 -245.582017644 0
-357.163362853 -773.142209451 -248.303952038 0
-355.668998023 -768.157505025 -246.544932155 1
-361.874747621 -765.063452078 -248.487559661 1
-357.181967688 -766.55637919 -241.863019806 0
-359.315521073 -767.188896786 -247.756956055 1
-364.010645812 -773.761565611 -245.691303535 1
-360.83756213 -769.532819557 -247.722731943 0
-347.278278949 -774.358544194 -249.724695509 0
-354.275917646 -765.3793795 -242.693670957 1
-360.409720197 -764.9939434 -246.959914112 1
-350.416211518 -769.331294275 -246.204237328 1
-359.434687833 -768.961795057 -249.81268255 1
-352.340670026 -772.524330091 -246.897732707 0
-353.801414006 -771.1243883 -243.3921738 0
-356.415100876 -773.335734751 -248.537847399 0
-357.154551341 -763.389683748 -243.019265208 1
-360.056698498 -767.966257225 -244.84922986 0
-355.299572625 -769.645300634 -249.600401548 1
-361.346213634 -764.968101761 -246.96979746 1
-353.242330601 -767.396963513 -243.971863006 1
-354.686432132 -766.768502859 -244.705692132 1
-365.969426068 -768.58902025 -246.055233468 0
-354.776041385 -768.143169186 -246.762988798 1
-357.011744139 -771.082322488 -245.500168436 0
-355.243578732 -769.805458735 -243.587631971 0
-361.837976856 -765.049627044 -244.023257565 1
-357.90663163 -768.652607181 -244.209823158 0
-352.70151072 -768.39049263 -246.629794791 1
-367.01967918 -770.340766985 -246.07058808 1
-355.062848152 -767.857245295 -245.924073283 1
-347.885256752 -770.802527983 -242.827500928 1
-353.024342861 -768.521001365 -246.838664531 1
-350.875024069 -767.733798719 -239.615715463 0
-360.587891935 -768.137246425 -244.97383656 0
-353.058343524 -767.773851822 -244.710293013 1
-359.014487118 -765.351860085 -246.484643387 1
-359.128309402 -765.22597664 -246.402048921 1
-364.829870667 -773.189617944 -246.266711799 0
-354.472891022 -769.50375375 -248.884717946 1
-358.436193178 -768.009881459 -244.999811433 0
-355.647449228 -766.612329221 -245.490626992 1
-353.832808902 -765.872883511 -243.324169054 1
-355.613611676 -770.109895088 -251.116210712 1
-349.771486085 -770.714377822 -243.34784137 0
-361.718932243 -768.752899168 -247.997246849 0
-360.11363339 -763.881171409 -246.126181251 1
-360.35675305 -765.878634987 -247.999799415 1
-355.973998154 -773.027615379 -247.317356419 0
-358.199522664 -768.058968571 -248.066656821 1
-351.653659962 -767.615849297 -245.831532884 1
-350.410714728 -774.348350344 -246.236659222 0
-354.6461983 -768.619692638 -246.107406676 1
-360.003299673 -766.773903587 -248.569947145 1
-354.481706861 -771.917527308 -245.412557176 0
-343.015363228 -767.423139699 -243.627016119 1
-360.310277381 -764.182158673 -244.684704526 1
-356.774488209 -766.409899675 -244.839131674 1
-351.503659779 -771.095882172 -243.554246399 0
-358.517366361 -767.932204186 -248.756283795 1
-354.235367987 -766.908840655 -244.268331903 1
-349.337015907 -770.964844494 -240.596912852 0
-361.500202393 -771.492534344 -239.263989141 0
-352.955984736 -768.509476735 -247.447453963 1
-358.561182762 -770.662166235 -246.298783455 0
-360.412128138 -765.42703976 -248.224224859 1
-361.733764578 -765.57004108 -248.615543496 1
-356.866442047 -768.032144258 -247.661515924 1
-353.182045195 -769.169598585 -244.192458789 1
-353.237512344 -773.602859515 -248.589707739 0
-353.272996129 -768.478936725 -247.953229064 1
-352.243764874 -770.517759711 -243.62670503 0
-351.104746936 -769.310693725 -247.429904544 1
-356.187371977 -766.96915892 -245.005452177 1
-360.635503378 -770.586393238 -248.458504527 0
-352.889307104 -775.162693954 -249.558598314 0
-361.693554124 -765.201569178 -247.643439494 1
-346.505147112 -770.154072682 -248.580931156 0
-354.040906959 -771.2302305 -244.591697562 0
-360.821960561 -765.416416187 -248.675548325 1
-349.606929092 -766.99096465 -244.239845184 1
-359.164163015 -769.781179038 -246.604863112 0
-354.525939536 -769.53428674 -250.162335299 1
-355.213576986 -771.442241532 -252.313718556 0
-358.892910757 -767.297455189 -247.265346161 1
-352.708241777 -770.994064265 -243.432554022 0
-354.374925007 -773.070099314 -248.967819947 0
-354.482636948 -765.57292508 -248.090782219 1
-358.66294267 -764.449855061 -245.661775918 1
-353.612731718 -767.793075545 -244.333295433 1
-351.544634521 -766.753753373 -242.425557663 1
-359.235513886 -764.77240634 -246.402917767 1
-357.735741141 -765.971611456 -245.779408799 1
-355.481817096 -765.879774209 -243.35789687 1
-357.746269437 -765.917013252 -242.63572772 0
-355.390087609 -769.643125806 -248.727813966 1
-359.659313931 -771.866387572 -248.179158693 0
-354.738486608 -765.543745754 -243.102554016 1
-358.424244939 -764.366963579 -245.466875842 1
-362.797040856 -765.941379343 -249.471923181 1
-353.125657527 -768.580659148 -247.713078683 1
-354.272304816 -767.489790221 -244.841292455 1
-354.133363387 -769.773786884 -249.360029157 1
-360.412114498 -766.727502051 -248.786823266 1
-360.816816103 -764.836458324 -247.850668403 1
-351.434372743 -767.256010094 -244.625799237 1
-353.985593862 -770.488550808 -250.789932083 1
-353.989215055 -770.347813331 -242.604368907 1
-361.166012381 -769.255756538 -246.09850341 0
-357.971394212 -766.147079633 -245.903275959 1
-361.757206373 -768.833689442 -247.659537236 0
-348.319908826 -770.478128646 -247.710287597 0
-355.145267037 -769.03261691 -241.567902129 0
-355.73577441 -769.245965334 -247.755997913 1
-355.62886986 -765.268765776 -238.634699095 0
-358.621341304 -763.243904833 -243.728874192 1
-350.157612755 -772.004781188 -244.745326887 0
-361.610852012 -768.525603982 -247.527956661 0
-361.576561648 -765.576520831 -247.463202135 1
-346.371521041 -768.460114391 -247.141202194 0
-358.306387028 -766.383735205 -246.291294897 1
-347.006528076 -769.339004796 -247.995109901 1
-354.926977158 -764.897918348 -242.164673285 1
-346.892093377 -773.909593508 -248.92732775 1
-358.122329298 -764.502493393 -244.942689113 1
-358.688452755 -767.75710305 -240.260453975 0
-358.64643922 -765.272601205 -246.025085727 1
-361.220997965 -769.63720364 -248.445312178 0
-353.020498129 -770.730471078 -243.066018878 0
-357.93258685 -766.26708219 -243.285499577 0
-355.29820813 -769.245694436 -247.184655026 1
-354.362752845 -768.844665601 -255.199024157 1
-358.180457151 -768.395230638 -248.058239102 1
-353.968049086 -773.987288167 -249.837448575 0
-350.211799743 -769.63233647 -245.827155985 1
-356.46649585 -766.987743447 -245.989479142 1
-355.368576147 -772.603220816 -246.356319833 0
-352.792557214 -776.280451419 -254.162747041 0
-356.770263387 -765.807627559 -244.188266075 1
-355.687906341 -773.405541684 -248.864200407 0
-361.458193119 -770.610585302 -238.810230693 0
-356.81728464 -769.030504338 -244.155060383 1
-358.63496157 -763.181650719 -242.604085669 1
-361.860711656 -765.481820295 -249.773662833 1
-352.706798735 -769.983177445 -249.571706413 1
-360.67896469 -764.924271339 -248.090843879 1
-355.599702106 -768.741878233 -242.281553593 0
-355.377672296 -769.931746939 -250.947127792 1
-350.294411595 -768.061866057 -245.257230906 1
-360.05354649 -764.04616857 -246.257121927 1
-356.096011455 -768.410195773 -240.219969796 1
-353.346585512 -772.687026612 -246.891756236 0
-351.136107136 -770.724394006 -242.540238697 0
-350.608271025 -767.293376609 -245.022002599 1
-354.44315674 -772.944665478 -256.324243852 0
-358.657205241 -768.619666942 -244.675166617 0
-345.782956804 -763.718377884 -246.864564207 0
-357.62148871 -767.941423369 -248.167581175 1
-354.582801701 -767.905477447 -245.457186427 1
-356.010468235 -769.366101285 -248.917651346 1
-351.736573834 -769.753332838 -256.261308715 0
-357.760239399 -769.168327525 -244.575946107 0
-351.606527178 -767.533396118 -245.276550184 1
-356.128067751 -769.498459743 -243.288855804 0
-352.495415562 -770.329314476 -241.704761434 0
-361.533907914 -768.808831548 -247.18790712 0
-358.736830067 -771.045089404 -246.692598403 0
-354.792098599 -773.820764673 -248.306050122 0
-354.500578345 -769.969910456 -249.901512084 1
-353.517793251 -772.72026172 -248.646848076 0
-357.902678637 -762.338615415 -242.889209534 1
-359.632251376 -763.908191308 -245.776330468 1
-354.540207838 -769.45905208 -250.314364834 1
-358.121586018 -768.074301041 -248.725568585 1
-356.559938331 -772.7577139 -248.114445893 0
-358.164923353 -762.155024613 -242.712463719 1
-359.149775818 -768.79090034 -249.773803776 1
-351.36669106 -766.92635532 -243.383887788 1
-350.255192048 -771.990631334 -245.152274891 0
-352.731435205 -767.068149165 -243.273960583 1
-356.372115122 -771.672835382 -246.439625306 0
-360.12701377 -766.062793265 -248.119262453 1
-346.837059905 -770.638994786 -248.804294572 0
-355.95062329 -769.976454234 -248.685295095 1
-360.074995472 -765.153746647 -247.049644239 1
-353.231164587 -772.476662198 -248.260723296 0
-350.133080674 -769.789645928 -246.084128462 1
-359.045687739 -765.659762194 -246.684248975 1
-353.346966131 -770.204232742 -242.458906376 0
-354.471259959 -771.09614378 -244.449940099 0
-355.231298062 -768.877260123 -247.432769924 1
-355.221399674 -766.321995702 -244.899387392 1
-356.054960151 -774.049858286 -248.372027142 0
-351.806533449 -768.534771551 -246.74449419 1
-353.600338135 -767.900241976 -244.937360435 1
-350.979535878 -768.901386424 -246.254710879 1
-352.634007288 -768.120186698 -246.617032829 1
-351.736323605 -770.606399468 -249.165174857 0
-358.228085494 -764.499046864 -241.80745428 0
-353.51031636 -767.963955309 -247.22673832 1
-358.990366759 -768.490698317 -249.311887412 1
-360.742895995 -768.690259433 -245.994362129 0
-356.975646059 -769.343564344 -244.003432553 0
-354.08431906 -770.118007331 -250.339959981 1
-350.493273322 -767.758582034 -245.478243741 1
-348.923730159 -771.189960635 -242.73643294 0
-352.896265191 -767.816601614 -246.040024611 1
-354.441150391 -770.577413525 -258.334589632 0
-360.277255018 -767.658710027 -246.50129051 1
-355.075651001 -769.776534097 -244.109545511 0
-358.491551828 -768.774642568 -244.906329482 0
-361.393672423 -765.521526648 -247.106547449 1
-355.690154302 -764.824155559 -243.066479849 1
-352.792409067 -772.240016652 -246.187088682 0
-352.516107531 -766.86680885 -243.902809707 1
-362.445984823 -766.261912195 -249.342671176 1
-358.394892466 -766.175455278 -243.49090083 0
-354.113803984 -771.394512619 -251.332495163 1
-361.340122474 -768.906838077 -246.660184656 0
-354.749612131 -772.887376278 -246.447323037 0
-349.829235201 -766.812514922 -244.329093554 1
-351.216394226 -770.273353499 -248.025709258 1
-351.095372786 -771.904619592 -245.568092214 0
-351.37721222 -770.910939856 -243.284265032 0
-350.256264238 -775.416096809 -253.105521873 0
-360.425034185 -767.188945813 -249.207827382 1
-353.987232695 -769.177793101 -248.406488335 1
-357.498652077 -763.458966718 -243.410629684 1
-353.129306529 -769.244877929 -241.004714557 0
-362.601598316 -772.319591126 -243.779672415 1
-354.217374247 -768.64338827 -246.30159133 1
-360.76498464 -766.743118871 -249.146357348 1
-356.952160909 -771.44542624 -246.471438224 0
-357.635298084 -767.509095124 -246.300271902 1
-358.479375533 -762.854408857 -243.913869255 1
-360.026744225 -764.2553956 -246.596349619 1
-355.942149772 -767.327883205 -245.907428775 1
-354.758546675 -768.842134847 -242.106290902 0
-351.329785443 -769.898881754 -242.389417244 0
-352.099657791 -770.815343225 -249.168496827 1
-357.655121637 -769.860046759 -250.276193236 1
-363.798780288 -766.213997888 -245.335497415 0
-352.600605907 -767.195865932 -244.105869427 1
-362.136805304 -770.102313586 -247.415642846 0
-356.949666408 -769.818218025 -249.237769594 1
-357.773953594 -771.255248274 -246.851370301 0
-353.550539262 -768.663617542 -246.05786748 1
-344.819287824 -769.740385672 -244.318495067 0
-360.610381041 -770.425595903 -240.769378518 0
-353.39441444 -768.458331911 -246.293017579 1
-357.082468987 -764.475751069 -244.091036366 1
-355.504932991 -773.183546385 -252.477635034 1
-361.944499066 -765.377960004 -249.35436757 1
-356.327490966 -766.026891568 -245.044698062 1
-353.687534716 -769.419631184 -249.535424741 1
-357.784370817 -762.525112707 -243.535753091 1
-353.128997422 -766.778142441 -243.55981049 1
-359.766269759 -763.541632804 -245.151905259 1
-360.131197368 -767.549200135 -246.091427044 0
-354.236286743 -767.986220637 -245.936814924 1
-351.393328974 -769.367263923 -247.338948425 1
-353.689005854 -773.836332628 -249.54407499 0
-359.716904188 -771.029206044 -248.2405947 0
-356.945365865 -771.383768879 -246.506213547 0
-354.228674742 -771.082813756 -251.636374534 1
-360.43517555 -764.755522305 -246.875389549 1
-350.991526919 -766.722852392 -244.011268096 1
-360.687402425 -765.048944984 -247.795896766 1
-352.445787918 -767.781865556 -246.324136202 1
-355.997928568 -773.991606805 -248.742623202 0
-353.347271826 -772.372607035 -251.402348859 1
-357.843355024 -773.03687422 -248.562990016 0
-360.537052617 -764.782513252 -246.446521872 1
-350.970886692 -769.980250536 -247.006959174 1
-354.682520846 -767.758887702 -246.067329367 1
-354.624398634 -770.968688063 -244.247847157 0
-357.491094218 -769.629136797 -248.993706157 1
-358.635658054 -767.564751341 -244.649871842 0
-356.952214023 -767.075645369 -247.342106371 1
-354.160932929 -768.878269599 -246.519536396 1
-353.659930602 -769.647899524 -248.992081856 1
-364.237553578 -774.448612972 -246.67356679 0
-357.745923682 -762.459982463 -242.375135535 1
-353.951748054 -769.778863099 -250.556945702 1
-357.753224898 -770.566952524 -245.18004203 0
-358.822245491 -769.065031089 -249.885866546 1
-363.648100447 -766.287827202 -240.806863982 1
-355.741483189 -766.701064137 -245.693361097 1
-358.205861722 -772.157186834 -248.307741549 0
-355.067480934 -765.113494835 -242.824502391 1
-358.423821695 -765.540523166 -245.670461084 1
-361.403395383 -765.104016556 -246.388494494 1
-352.51792114 -767.015479433 -244.604262017 1
-354.951117497 -768.697683933 -247.576716713 1
-357.853738815 -766.599231504 -243.027915024 0
-351.485763324 -770.584847994 -248.038771742 1
-354.747229196 -773.780757223 -250.144055941 0
-358.118223282 -764.861946348 -245.55358394 1
-353.23084927 -766.570052933 -242.912856097 1
