-738.791588456 -739.476571089 1
-729.911902143 -744.035626139 0
-731.143690954 -744.124302974 0
-729.225480857 -739.774822568 1
-730.947906294 -743.979916357 0
-732.013100411 -741.567599836 1
-738.577786294 -739.439394114 1
-736.14756503 -741.516636432 0
-737.282153957 -739.429166207 1
-736.35477242 -739.701195463 1
-731.525599778 -741.800747053 1
-736.999254231 -739.433625039 1
-732.314479832 -741.470678978 1
-737.71928797 -745.791947782 1
-734.257892277 -739.843551261 1
-738.480533062 -742.038066863 0
-732.455151262 -741.222195278 1
-731.635579815 -741.406465698 1
-730.928142393 -739.964175894 1
-733.06618693 -740.629577242 1
-729.166490453 -739.91662068 1
-735.038367401 -739.924234342 1
-732.192185903 -743.294290539 0
-728.251180306 -742.70233445 0
-735.751211544 -739.770596948 1
-730.697674817 -744.41310489 0
-738.933227657 -738.998831056 1
-739.054694474 -739.345702966 1
-729.327659014 -742.956290329 0
-739.812302182 -739.364445321 1
-736.092665892 -739.727069696 1
-737.913831715 -738.943719713 1
-734.321851476 -742.432495073 0
-731.986023169 -743.600785366 0
-737.852902535 -741.441262581 0
-734.828339737 -742.07071403 0
-736.274178623 -742.115261541 0
-736.966324389 -742.049381879 0
-731.276322727 -744.049621351 0
-731.223207891 -740.966147224 1
-729.589064281 -743.127995702 0
-733.489730264 -740.498170521 1
-730.286950705 -739.889079681 1
-734.157529912 -740.475544566 1
-732.49485441 -742.949646812 0
-734.339974434 -740.33859137 1
-731.212717726 -740.585169868 1
-731.21229846 -740.878974651 1
-732.321093446 -741.244139172 1
-730.341921593 -744.05928425 0
-737.070480629 -741.852419855 0
-728.61211174 -740.706875938 1
-733.219854779 -740.645543651 1
-730.508587188 -740.657457841 1
-733.167045901 -740.455287289 1
-730.410242044 -739.803110821 1
-737.685422538 -738.752455549 1
-731.646691855 -741.788781369 1
-730.824225038 -743.994908818 0
-734.065199083 -740.22069568 1
-737.221456872 -739.054421048 1
-731.039308975 -741.708465713 1
-736.016685227 -739.319065133 1
-739.730316778 -739.893113745 1
-734.809565002 -742.017235134 0
-738.7454623 -739.338835847 1
-729.092965949 -742.142987533 0
-729.164514013 -740.088212914 1
-737.258845193 -741.271402333 0
-739.350545727 -739.289338549 1
-734.188399865 -740.223655906 1
-734.725916224 -742.035490418 0
-731.328716205 -741.851711197 1
-729.727257282 -744.27129749 0
-734.73279001 -740.253463515 1
-727.752610017 -742.702332765 0
-731.413494841 -741.055297973 1
-739.595283597 -739.786535482 1
-736.407817145 -739.51242211 1
-729.817015867 -740.128635813 1
-729.937854877 -743.584219949 0
-738.871317112 -739.06098139 1
-730.067301069 -740.204270853 1
-729.662426965 -743.544227946 0
-732.425505238 -741.472615951 1
-728.348951803 -742.330554371 0
-735.675836277 -742.335392358 0
-728.803219828 -742.220424227 0
-738.170292746 -741.766030634 0
-733.977432831 -740.419359121 1
-738.762793287 -739.36214093 1
-737.192871289 -739.080654478 1
-739.51454648 -739.282246462 1
-730.35110411 -740.044890577 1
-732.733202715 -740.975705572 1
-734.753836025 -741.872427755 0
-729.815300577 -739.510304688 1
-734.419113038 -742.2927477 0
-731.425290003 -741.274334205 1
-738.870487128 -739.550183058 1
-739.189968655 -738.671628684 1
-736.222026279 -739.316176355 1
-729.764610545 -740.025914053 1
-735.455073076 -740.09534106 1
-736.429675796 -741.898843417 0
-734.919204484 -740.135650028 1
-735.916044777 -741.570281944 0
-728.041450098 -742.602708559 0
-738.556875133 -738.497106281 1
-727.701567956 -742.939305288 0
-735.590570794 -739.488875458 1
-736.726834615 -739.63962037 1
-735.879442048 -739.888991662 1
-736.404095734 -741.500552609 0
-738.327697043 -742.020871782 0
-729.577496862 -739.824641964 1
-732.812273995 -740.950361648 1
-738.092574384 -739.135767601 1
-730.007055724 -739.749883405 1
-728.882732802 -740.598816095 1
-739.390696531 -738.723288031 1
-733.767280781 -740.238257801 1
-739.029744989 -739.119452855 1
-739.664703242 -739.21517533 1
-736.25661641 -739.857097149 1
-736.342712181 -739.146810128 1
-739.52068133 -739.17256292 1
-731.659814069 -741.837710156 1
-730.116558006 -739.568062973 1
-737.90993296 -738.995306801 1
-734.628495871 -740.158359524 1
-731.94595588 -741.721694707 1
-739.065572794 -738.878061099 1
-735.458204395 -739.496709255 1
-734.7971877 -742.400171868 0
-731.045054036 -740.126681222 1
-733.692959568 -742.472189117 0
-734.011885001 -740.156622129 1
-729.306967125 -743.34077221 0
-731.79407898 -741.036757338 1
-734.678123922 -742.517247959 0
-733.057397726 -740.659840308 1
-738.370526785 -741.632181815 0
-730.99936675 -741.629368318 1
-738.003188116 -741.630745691 0
-738.745888345 -741.952181862 0
-737.110613893 -739.447114182 1
-729.681936456 -743.915162076 0
-736.39049112 -739.496812505 1
-732.322785547 -743.451433493 0
-730.809439603 -741.160904911 1
-730.74586599 -739.694102439 1
-736.557896437 -739.290297544 1
-733.952992423 -742.103310949 0
-733.093704394 -742.49849201 0
-734.631578498 -739.81453534 1
-729.953875609 -740.23340188 1
-741.456406641 -746.567873808 1
-730.877726996 -743.85121494 0
-735.102306125 -740.188479294 1
-736.196407859 -746.045359683 1
-737.640939047 -739.064713124 1
-733.449528378 -740.736674992 1
-736.085983129 -739.391068929 1
-731.590303999 -741.016542966 1
-738.388456211 -742.557891537 0
-735.478674889 -740.049071827 1
-730.771427536 -743.760055384 0
-729.67390033 -739.960624282 1
-737.272003689 -739.271197737 1
-728.733416245 -740.675955042 1
-739.165526582 -739.373571664 1
-732.677560051 -741.050053868 1
-729.138251375 -740.179433184 1
-728.026040656 -742.471216482 0
-732.967411312 -743.058146362 0
-737.697639386 -741.818732466 0
-736.653515407 -741.938626606 0
-738.315753969 -739.056117867 1
-731.054704025 -744.006517603 0
-732.191216252 -740.946876393 1
-737.393917313 -738.978670051 1
-739.627453046 -738.849507556 1
-729.103601606 -743.114347158 0
-733.500744054 -742.292569181 0
-729.910858695 -744.447997946 0
-738.412989287 -738.935063445 1
-734.30193686 -739.783804821 1
-735.867733271 -739.372254911 1
-728.018192825 -742.867791738 0
-730.020592783 -740.085192198 1
-734.202504205 -742.263644139 0
-730.301208082 -740.427543293 1
-730.836906581 -739.861137038 1
-739.177065824 -739.311255664 1
-736.009787397 -739.200304118 1
-735.781413732 -741.785529409 0
-731.603061379 -741.724468841 1
-729.962692957 -744.154130375 0
-735.222452625 -739.514222679 1
-737.411810022 -745.420466545 0
-734.173780419 -740.176467846 1
-733.307579193 -740.944583558 1
-732.862567831 -741.125352802 1
-737.741418177 -738.83072671 1
-733.682551693 -740.258812161 1
-735.946776886 -742.031788909 0
-730.674578261 -740.898450337 1
-735.600098627 -742.077755988 0
-730.035927004 -744.222644256 0
-738.05142114 -739.375338162 1
-729.697191395 -743.347569486 0
-734.382481816 -739.733180173 1
-729.816873937 -740.20892067 1
-737.143940647 -739.208630992 1
-732.530042445 -743.150699824 0
-739.138568389 -738.911588628 1
-736.1353971 -739.946291706 1
-730.03285063 -743.421098764 0
-729.940453091 -743.388715816 0
-729.475910952 -739.724491783 1
-738.595005444 -738.968804626 1
-729.423934235 -743.154960002 0
-729.841101797 -742.582495388 1
-738.35933828 -738.790086481 1
-735.804951613 -739.836045589 1
-732.626561987 -742.987504015 0
-733.98203458 -739.898379861 1
-734.108093369 -742.397811625 0
-729.391740927 -740.222906972 1
-739.506945058 -739.17015247 1
-729.401181148 -739.992988592 1
-736.315037011 -742.048723428 0
-736.430501556 -739.23517668 1
-732.554282509 -740.771002587 1
-729.255969674 -742.426326563 0
-739.409574297 -739.206411952 1
-739.786796714 -739.36828016 1
-734.840227593 -739.657254257 1
-732.793563534 -742.979225121 0
-731.07284186 -740.476819773 1
-731.877679335 -743.227926358 0
-734.008910285 -739.897598099 1
-736.949640864 -739.555650488 1
-738.869492414 -741.814944627 0
-738.459226354 -738.866184902 1
-733.829742586 -742.56248226 0
-736.426531963 -739.146916702 1
-737.365404379 -741.972205561 0
-729.530981753 -740.08331825 1
-737.283634262 -739.219831805 1
-730.899402597 -743.817855265 0
-731.894280278 -743.313675965 0
-729.054624313 -740.132559797 1
-735.740470087 -741.64082631 0
-731.587111374 -741.071179001 1
-733.737257828 -740.190046881 1
-730.833280941 -740.906404039 1
-727.718715409 -735.969033932 1
-736.091549928 -741.816785163 0
-735.917156492 -739.387522924 1
-730.732566566 -740.225585824 1
-735.965052435 -741.844043567 0
-730.942481762 -740.928238348 1
-730.23691842 -739.545529797 1
-733.995841897 -740.11648382 1
-732.569583679 -743.290941245 0
-737.780103192 -742.211828172 0
-734.117419579 -740.394233619 1
-737.852228555 -739.015906775 1
-729.422636842 -742.447017629 0
-734.933952377 -739.499115317 1
-735.184658743 -742.378844714 0
-731.916924991 -741.328168191 1
-733.51233272 -742.953796831 0
-732.275646013 -741.11802362 1
-739.762176445 -739.015082611 1
-735.055372777 -739.82450189 1
-737.849584804 -739.271402303 1
-731.362233786 -741.5457409 1
-731.022750939 -741.753654986 1
-732.226833233 -741.202172384 1
-736.941844006 -741.468770365 0
-737.869678178 -739.386589804 1
-735.210312562 -739.947533525 1
-738.541170223 -739.033501164 1
-728.641718557 -740.377422421 1
-737.52464284 -738.995903972 1
-742.841370096 -743.50601633 1
-734.089866885 -742.562563525 0
-731.155005541 -741.494795102 1
-740.277905788 -745.694471045 0
-730.544066539 -744.211728943 0
-736.382982215 -739.477054071 1
-734.382401444 -741.967347165 0
-733.787669468 -740.115794083 1
-737.355298222 -739.369556973 1
-731.222124429 -740.661359554 1
-737.688792213 -738.95233396 1
-733.67491378 -742.20661735 0
-731.402889119 -740.9366376 1
-730.003041329 -739.952033693 1
-728.879393623 -740.177534238 1
-738.817450192 -739.200550315 1
-727.683775234 -742.826950724 0
-738.864100249 -738.573126145 1
-738.345879405 -739.146776025 1
-738.037980547 -739.198400289 1
-737.964034284 -739.024277276 1
-734.490212412 -739.621976884 1
-736.866880024 -739.433829444 1
-728.84754111 -740.210319983 1
-731.27736425 -740.704631307 1
-737.838170592 -739.37879539 1
-735.829955991 -742.311619504 0
-734.562394869 -740.309524502 1
-729.996813227 -739.693467597 1
-738.224989806 -742.231584422 0
-737.154426778 -741.710058625 0
-729.440352089 -739.963720661 1
-739.120349838 -739.177564566 1
-735.165717312 -739.676144769 1
-735.788027871 -739.487806735 1
-733.785108901 -745.407596941 0
-736.091736716 -739.350576535 1
-738.055039712 -741.431111435 0
-731.7078302 -741.190474351 1
-735.640467063 -741.93949636 0
-736.448510909 -741.404796016 0
-732.784050666 -740.647697067 1
-732.237784294 -741.174177879 1
-729.381585651 -740.181025309 1
-731.090985483 -743.877996601 0
-728.895365863 -743.009075252 0
-735.940399674 -739.795948836 1
-732.038407227 -741.583593162 1
-728.494889044 -734.987325771 0
-728.593857048 -740.767474551 1
-729.431227468 -739.823019097 1
-739.252698212 -738.908786958 1
-736.6816689 -741.47283081 0
-731.566189947 -741.159167694 1
-731.125299761 -740.485011939 1
-732.554067332 -741.379690725 1
-730.693217412 -739.841850014 1
-740.075260296 -739.121604147 1
-733.477599168 -742.508210087 0
-738.205092708 -741.581731167 0
-735.306755735 -739.99446073 1
-733.594341811 -739.752678404 0
-733.513430689 -740.600205031 1
-733.958086657 -740.245632467 1
-731.527832808 -741.552415248 1
-738.343716174 -742.289091034 0
-731.582078633 -741.80567226 1
-736.387874873 -739.689134038 1
-739.442224302 -748.251330416 0
-732.269921499 -741.292149106 1
-731.287409853 -741.317873422 1
-735.95040242 -739.668819049 1
-729.91065354 -739.685835283 1
-732.640078566 -743.286134803 0
-738.373741629 -742.309568362 0
-732.76573741 -740.858569945 1
-739.71256621 -739.565175135 1
-728.265712602 -742.631211943 0
-729.436442914 -740.307723421 1
-734.757065633 -740.030463771 1
-730.388654866 -740.23932748 1
-732.363875688 -743.091726574 0
-729.528731315 -742.400572409 0
-737.806049813 -738.830989887 1
-734.571473112 -739.61935025 1
-739.897767743 -739.525680803 1
-727.768435775 -742.773625245 0
-734.705408179 -739.651584786 1
-732.272838555 -741.0710997 1
-739.081005502 -738.896324798 1
-739.57658423 -739.118525599 1
-735.389495925 -742.210580403 0
-735.091628396 -739.843280929 1
-738.005139827 -741.613109122 0
-730.083262775 -744.553175493 0
-729.124273524 -740.245834647 1
-738.908369369 -738.962243417 1
-730.135073785 -743.93804422 0
-739.661339999 -739.206492303 1
-738.175124383 -739.078123742 1
-733.921855035 -740.188599198 1
-734.072582194 -742.502842686 0
-732.185922755 -741.400277018 1
-728.633927501 -740.461569404 1
-730.345919482 -739.452870742 1
-735.98077489 -742.21446099 0
-736.460616673 -741.972926698 0
-735.142189127 -739.40330471 1
-735.149658904 -742.038652669 0
-735.817697883 -739.545238229 1
-729.368092251 -740.101394807 1
-733.305985777 -740.582496254 1
-738.50804117 -742.284674629 0
-730.471426443 -744.465793972 0
-725.369198324 -737.478390836 0
-743.106953659 -743.972338156 1
-733.056314355 -740.867275391 1
-738.515468541 -739.015722558 1
-728.960256622 -740.398627761 1
-733.197143327 -740.706973789 1
-728.448981221 -742.665660649 0
-732.042340718 -743.127760709 0
-737.836659348 -738.800658629 1
-733.981967347 -742.704565646 0
-741.239383069 -744.566854262 1
-731.830621607 -741.391228672 1
-730.294205282 -740.442902344 1
-730.536210343 -740.305876287 1
-738.946566895 -739.14574923 1
-731.008935417 -741.06597949 1
-732.945541353 -741.175156708 1
-727.717096701 -743.206593213 0
-736.443216509 -741.708452582 0
-737.053134704 -738.955542348 1
-729.615427367 -743.408070041 0
-739.900366637 -739.440181429 1
-729.401064336 -743.486763425 0
-735.83009356 -739.945832451 1
-730.60416066 -740.716702752 1
-735.794337794 -739.671772745 1
-735.42078405 -739.585876507 1
-732.781320896 -740.689744488 1
-739.911855254 -738.977842025 1
-730.931686471 -741.546259198 1
-737.677012754 -742.03875831 0
-733.550669164 -742.952090997 0
-733.32056269 -742.495223626 0
-729.081059885 -740.033082055 1
-732.025911949 -741.220843201 1
-736.500391834 -739.272245147 1
-730.768470454 -740.398601468 1
-735.571946299 -742.323445868 0
-739.449084005 -739.113662304 1
-733.584455644 -740.328293674 1
-731.394486611 -741.170725182 1
-732.665044013 -742.695344692 0
-739.357218817 -739.159388839 1
-730.463415964 -740.119846132 1
-729.579850773 -739.911667268 1
-738.295268649 -738.551735617 1
-734.108576997 -740.473682845 1
-734.29879988 -739.8576433 1
-735.768891557 -739.539646278 1
-734.369779841 -742.658840738 0
-733.751988368 -740.394394408 1
-725.617802695 -741.267108144 1
-731.321785983 -741.388553334 1
-736.109999409 -739.390558946 1
-729.115884158 -742.504713997 0
-739.253916294 -738.914234882 1
-734.854518176 -740.040337263 1
-734.028695725 -740.015874248 1
-736.820472822 -741.968480438 0
-738.825019429 -739.389658521 1
-735.21972862 -739.651454567 1
-729.590725705 -739.899222621 1
-731.055971891 -741.223674009 1
-737.859967844 -738.933837586 1
-729.858251612 -742.659524837 1
-730.291920196 -739.597601163 1
-739.831674487 -738.959492832 1
