-304.628737741 -542.249269734 1
-297.423855846 -547.438830847 1
-305.427733386 -539.164820322 1
-304.564962856 -541.763686611 1
-301.769966795 -542.15539228 1
-301.016453476 -542.045576952 0
-299.250165542 -547.13877162 1
-298.784453145 -547.577297534 1
-301.658251655 -542.660889071 1
-305.410948044 -540.143153183 1
-300.841579725 -544.186828735 1
-304.776391185 -541.084271726 1
-297.632365214 -547.091710553 1
-304.766911023 -540.022575455 0
-305.181628483 -538.788704313 0
-302.509520201 -540.771212453 0
-304.082359009 -540.451574618 0
-304.227215311 -542.111513192 1
-301.467215499 -541.923291923 0
-297.414150941 -547.760729302 1
-299.836831199 -543.307354752 0
-305.64453359 -542.576562347 1
-299.289551308 -547.347096856 1
-297.651003852 -547.077557483 1
-300.504806236 -544.748482231 1
-303.656732297 -541.879344564 1
-304.890852476 -540.893509198 1
-300.640926868 -544.712259105 1
-300.374138 -543.912215249 1
-301.598454981 -541.494968467 0
-304.979071893 -539.460287693 0
-298.967725213 -547.477387885 1
-301.481521439 -543.109021394 1
-298.25388655 -547.873923725 1
-303.907219349 -541.235473024 0
-296.895365395 -543.574475225 1
-304.870755712 -539.346200819 0
-301.997852245 -543.131902641 1
-304.807028465 -539.812203107 0
-303.887457719 -540.233241831 0
-303.330212466 -542.044859788 1
-297.678455817 -547.630124905 1
-297.690359911 -547.613507793 1
-305.436686807 -540.852434145 1
-299.055940261 -545.599947565 0
-303.659651868 -542.466749622 1
-298.481054786 -541.578873769 1
-298.181243618 -546.960559916 1
-302.1024867 -540.838828469 0
-298.489852961 -546.523906887 0
-303.074312095 -541.484673055 1
-298.51828855 -547.327383282 1
-304.456710092 -539.648209012 0
-303.918363517 -542.095412175 1
-299.253348057 -546.459999153 1
-299.229404242 -546.913493773 1
-302.336754726 -540.427938536 0
-304.795421984 -539.965125726 0
-304.066563378 -542.396040377 1
-297.793308881 -547.023565882 1
-308.145573598 -542.34011326 0
-301.72354101 -543.196942364 1
-300.072142172 -545.193472404 1
-303.359787395 -542.08068422 1
-301.704278224 -542.521107142 1
-300.417559987 -542.55424781 0
-304.963919879 -541.026058547 1
-305.581851463 -539.821660017 1
-299.3092097 -546.179035113 1
-299.227402002 -547.257131423 1
-300.803524901 -544.403150525 1
-298.96766014 -547.747251425 1
-297.596423706 -546.987503228 1
-305.460398505 -540.328024441 1
-304.760663546 -541.184758324 1
-301.338253945 -543.602173237 1
-299.639586029 -543.677387469 0
-297.706856239 -547.669810948 1
-304.244381967 -542.507296561 1
-298.673025029 -547.310607567 1
-301.547991144 -543.385886153 1
-302.063796463 -541.854130167 1
-299.419942973 -543.607850357 0
-299.531799113 -544.27898358 0
-300.41555492 -543.841298432 1
-306.782548913 -541.602246083 1
-297.361622007 -546.934020384 1
-305.755555765 -540.010121287 0
-302.355984711 -541.761683748 1
-301.331207637 -543.954021321 1
-301.760799487 -543.231803471 1
-304.83574472 -538.890764449 0
-304.054804963 -541.726019712 1
-298.515620409 -546.309036256 0
-298.656383822 -545.500092795 0
-302.746775151 -541.590049634 1
-301.50913367 -543.497765889 1
-304.520544585 -541.356741902 1
-301.041635783 -543.80334721 1
-301.866269931 -541.325397607 0
-300.977477585 -544.48946547 0
-304.686086711 -541.098845 1
-297.973100973 -547.76222561 1
-299.577606286 -545.623782924 1
-300.931018533 -543.922574492 1
-301.329409774 -541.119104244 0
-299.62597602 -543.974949055 0
-302.97698373 -541.616298581 1
-304.696501624 -542.372833984 0
-298.436873692 -547.220453552 1
-297.508591983 -547.182232257 1
-299.777202342 -545.609676961 1
-303.730953882 -541.939285205 1
-304.653712583 -539.532251231 0
-300.662543694 -543.764677752 1
-303.49001608 -541.954862147 1
-301.480691812 -541.743145401 0
-300.206492579 -544.399851266 1
-301.602857567 -541.684589254 0
-303.947434269 -542.213413226 1
-299.335216973 -546.403023766 1
-305.214238087 -539.954908053 1
-304.685851511 -539.806813687 0
-300.340503508 -544.349039606 1
-299.074254799 -547.59911435 1
-305.283896907 -538.589659305 0
-301.211411261 -541.575019646 0
-305.53914541 -539.364710461 1
-301.26524611 -543.80029475 1
-301.914227077 -540.942262052 0
-298.028221847 -546.084849 0
-304.836814896 -541.716966905 1
-301.170067847 -543.460091629 1
-299.894835988 -545.177924561 1
-297.952439512 -547.527676445 1
-300.740087128 -544.596500366 1
-299.318723455 -544.972055947 0
-300.022644458 -545.406741674 1
-303.589538319 -542.004571389 1
-297.950602774 -547.687649991 1
-304.219101172 -540.805845524 0
-303.274760176 -541.866005087 1
-305.35598722 -540.707898793 1
-308.026912264 -541.144133533 0
-300.112004447 -543.593282623 0
-302.431626824 -542.264828863 1
-298.713872252 -547.389312726 1
-297.731224523 -545.889746871 0
-302.274492669 -542.624641111 1
-299.238062215 -547.118967922 1
-299.356785001 -544.907390719 0
-300.342925251 -544.18434338 1
-294.185418031 -543.279356453 1
-299.196652991 -544.68829901 0
-301.524792238 -543.791181785 1
-304.49610965 -541.317454826 1
-305.267679368 -541.001156736 1
-302.7413061 -541.725922792 1
-301.199257977 -543.766000905 1
-297.912079685 -542.201476899 0
-304.095075283 -541.056818083 0
-300.529920823 -543.137422653 0
-299.311369101 -546.763065253 1
-305.549584323 -540.391882578 1
-299.535747823 -543.705874437 0
-298.354092065 -546.248930202 0
-298.40884795 -547.658395996 1
-310.159980647 -539.684501354 0
-309.362646717 -540.407243037 0
-297.352165146 -545.81062983 0
-304.404191745 -542.449523489 1
-301.121556468 -543.367191828 1
-299.634335768 -546.260924617 1
-300.810509433 -544.094409694 1
-302.488295185 -540.34551468 0
-304.822195591 -540.162550384 0
-299.419657465 -544.201988574 0
-300.036420483 -544.886382345 1
-303.279314842 -541.165417125 0
-301.448207204 -542.596365943 1
-297.081671881 -546.292602517 0
-305.024417906 -541.030145681 1
-304.620137053 -541.813756964 1
-299.525557321 -546.048392718 1
-299.006716402 -547.34912587 1
-300.05069321 -543.03154027 0
-299.083580733 -546.702186102 1
-303.395648061 -541.803550169 1
-298.671068604 -547.64184053 1
-300.756646343 -543.656075738 1
-302.290098358 -540.899806197 0
-302.852161774 -541.846435278 1
-298.918044021 -546.989591597 1
-303.197043213 -542.417101051 1
-298.252902379 -546.450046798 0
-299.889544041 -545.312045454 1
-304.350244564 -541.9800095 1
-302.602032193 -541.804845495 1
-300.473340612 -544.645139318 1
-300.12869246 -544.941945967 1
-305.198259279 -540.361167442 1
-301.221329328 -543.243116461 1
-305.001012547 -541.485021912 1
-308.22521605 -541.477237574 0
-291.309368229 -543.058462294 1
-291.863854004 -545.582356408 0
-302.619607863 -542.363174699 1
-299.462052704 -545.768326426 1
-298.950638288 -545.005941202 0
-297.420881278 -547.513904017 1
-297.494338145 -546.956517573 1
-299.091480001 -547.173888743 1
-303.833972996 -542.255842022 1
-297.669379631 -545.890147188 0
-298.67758216 -547.258062854 1
-299.801339648 -544.615184739 1
-300.185921177 -544.780266514 1
-303.12916411 -542.27278297 1
-300.832108774 -544.54328584 1
-305.071831381 -540.456526596 1
-304.876058794 -540.22751736 0
-298.973366974 -545.801763083 0
-304.131109493 -540.497591935 0
-294.892345339 -543.535431118 1
-301.385405945 -541.793507069 0
-298.319610492 -546.336701155 0
-305.28240446 -539.726215669 1
-302.667418372 -540.580956507 0
-301.981279697 -542.68787039 1
-298.174115226 -547.61813825 1
-298.835301729 -547.248934237 1
-304.28211311 -541.529494471 1
-303.051131943 -541.734623461 1
-302.954878711 -541.975482275 1
-304.654025021 -541.20474006 1
-299.336661672 -546.787114563 1
-304.762821547 -539.672151002 0
-299.680567789 -545.090265108 1
-302.652067429 -542.179849158 1
-303.786688531 -542.146039068 1
-297.605508963 -547.473325808 1
-295.191415192 -544.4092361 1
-304.975188769 -540.964132196 1
-299.392393337 -545.756159506 1
-304.992150888 -538.95495849 0
-303.384470756 -542.009850431 1
-299.84015642 -545.728259142 1
-299.227650668 -544.120669634 0
-301.096812958 -543.882691946 1
-301.349400861 -543.587825544 1
-305.02815422 -538.505132321 0
-304.56607287 -541.619966038 1
-304.748331426 -541.421660829 1
-299.828380289 -543.662052881 0
-300.279454968 -542.481195673 0
-302.728741184 -542.340502005 1
-301.95260623 -542.219540603 1
-300.689797437 -544.578294058 1
-305.064980906 -539.658794984 0
-301.139492277 -541.551182211 0
-303.972243077 -540.926444171 0
-303.030176608 -542.265925651 1
-302.850301211 -541.593859948 1
-302.762326449 -540.603561808 0
-300.600580487 -544.255389098 1
-298.316215546 -546.597462534 0
-297.475117994 -547.525412321 1
-299.485993717 -545.886372238 1
-302.755331489 -542.39459571 1
-304.87653116 -541.759372292 1
-302.310048991 -541.579865261 0
-308.316022795 -540.320965669 1
-304.18791082 -541.845218619 1
-304.689069338 -539.485277464 0
-302.454328337 -542.473636626 1
-303.291849658 -542.269240204 1
-298.266093695 -547.703007703 1
-299.971957925 -545.038089866 1
-299.323140301 -546.677016718 1
-298.01292457 -546.192667876 0
-293.272521592 -546.167394841 0
-298.536580277 -547.493566818 1
-301.709877595 -541.527564366 0
-304.494500706 -539.681189078 0
-300.056448773 -544.16878326 1
-302.757147658 -542.27873354 1
-299.624326336 -543.996557783 0
-297.291517963 -542.171243689 0
-305.066139591 -540.452618871 1
-300.916564032 -543.591698599 1
-297.160497905 -545.8892457 0
-299.460740243 -547.310791309 1
-305.119020541 -541.427998777 1
-305.293655133 -541.024934838 1
-302.101941099 -542.864915957 1
-304.586183476 -542.112086771 1
-302.253816854 -542.287677281 1
-301.948889118 -541.415315351 0
-302.550989906 -541.670739075 1
-298.5140724 -545.73972493 0
-297.511788758 -546.967713651 1
-301.001446355 -542.257115005 0
-297.603307293 -544.216213864 0
-304.952333642 -540.764670713 1
-298.822922709 -547.557052528 1
-303.592575785 -540.522115273 0
-303.788881766 -541.86201411 1
-301.527534142 -543.777293775 1
-302.725039229 -542.409071904 1
-301.830310255 -540.711067133 0
-305.478771053 -539.828778413 1
-301.235881319 -543.619592335 1
-299.285839876 -546.46175044 1
-299.888594384 -545.626346977 1
-304.317603604 -542.0091941 1
-301.213267689 -543.853176714 1
-301.424796526 -543.186323529 1
-299.839694327 -543.180177678 0
-297.444978799 -545.964541809 0
-300.390104987 -544.85017555 1
-297.327643416 -546.994374773 1
-303.025317042 -542.458724287 1
-302.282754222 -542.179515693 1
-305.259776896 -538.68031708 0
-302.515106675 -540.84415241 0
-302.784081457 -541.768359701 1
-303.270160487 -540.522794302 0
-303.235310147 -540.694278127 0
-300.95143869 -543.827224079 1
-302.828314171 -540.354494941 0
-299.152511683 -544.025591631 0
-302.601565789 -542.610731645 1
-299.890443173 -545.04831896 1
-298.516653515 -545.915793691 0
-299.547446446 -543.299421333 0
-299.370057646 -546.665691774 1
-300.301589213 -544.564539908 1
-302.031945869 -541.979203248 1
-301.079026838 -544.176646406 1
-303.167868064 -541.617185267 1
-304.108459429 -541.134536439 0
-310.501059764 -541.264624017 0
-302.669392849 -542.52462967 1
-301.645029889 -542.828673241 1
-301.212779977 -543.638658558 1
-301.987902622 -542.593320731 1
-303.726455824 -541.756473674 1
-299.833792777 -543.696862031 0
-301.581428919 -542.993805804 1
-300.990800405 -542.174639758 0
-304.854069764 -539.190775658 0
-304.59675583 -542.109019347 1
-304.325815892 -541.590806236 1
-304.376480909 -540.157314649 0
-299.782817962 -544.809734215 1
-302.21024268 -542.502528377 1
-305.280148085 -539.849887784 1
-307.142936599 -542.771281738 0
-299.24231979 -547.389786401 1
-301.848001002 -543.002172099 1
-305.025543013 -541.258635411 1
-304.717995083 -541.856419664 1
-300.276475126 -544.092236333 1
-299.283550663 -545.172246721 0
-300.06051863 -545.024754 1
-305.328930467 -540.735237954 1
-297.812760803 -546.12960457 0
-298.006674383 -547.198326495 1
-300.499764246 -544.598874553 1
-305.086401471 -538.614249195 0
-299.559749696 -543.164495264 0
-303.751339972 -540.409500333 0
-298.711931119 -547.070457368 1
-298.625424985 -547.108657499 1
-297.342530745 -546.061893396 0
-305.078519581 -541.726222019 1
-305.110521289 -540.426437992 1
-301.619349081 -543.208038609 1
-299.163751823 -545.22633021 0
-304.586428008 -541.378091493 1
-293.669130056 -546.016334757 1
-303.157431317 -541.60171168 1
-301.324364574 -541.845424624 0
-298.516859591 -546.481836488 0
-302.401000348 -540.414312077 0
-300.071189429 -544.752060078 1
-299.95364018 -543.503628525 0
-299.14588289 -545.104132226 0
-298.806602008 -545.497381682 0
-304.624837063 -541.527527075 1
-298.779850423 -547.671677959 1
-298.895570528 -547.080459551 1
-297.858275389 -541.274997523 0
-304.675588497 -541.844818798 1
-297.736883203 -547.025950059 1
-298.222843377 -547.318016025 1
-301.411176013 -543.398619237 1
-300.983386142 -541.529815859 0
-305.405957286 -539.348983359 1
-303.046544016 -540.649970694 0
-298.500451633 -546.248667221 0
-303.814561464 -542.273933507 1
-298.990361508 -546.102732605 0
-299.672422867 -542.95939444 0
-301.53531411 -542.496349168 1
-300.790856575 -542.77100935 0
-298.942935104 -545.419663018 0
-304.424882239 -542.350065309 1
-298.565581865 -547.498889863 1
-305.332547152 -540.388604733 1
-299.925721858 -544.710286093 1
-299.62589782 -545.516273677 1
-304.51975209 -539.665683772 0
-295.391581703 -543.661264379 0
-302.863300259 -541.581056635 1
-299.364749328 -546.105247862 1
-303.057748181 -540.98275415 0
-304.537449451 -541.431768727 1
-299.571293662 -546.960290829 1
-299.746373655 -543.765113512 0
-299.900403901 -545.244621899 1
-302.47037659 -542.219791155 1
-300.408980435 -542.854769391 0
-303.395805457 -540.679496522 0
-303.042745211 -541.911309706 1
-300.335350085 -544.406571587 1
-301.170135765 -543.503318994 1
-302.436570032 -540.830245364 0
-301.498753526 -543.831056701 1
-301.132217945 -541.833587737 0
-298.991188361 -547.124770684 1
-302.256315477 -542.004137952 1
-299.405214995 -544.853371576 0
-305.434443624 -539.503686105 1
-305.298037972 -539.739052398 1
-305.022518182 -541.799988067 1
-305.059724405 -537.878008829 0
-299.458617372 -546.301532531 1
-299.305702313 -543.574965134 0
-299.951213817 -544.455233811 1
-305.265138187 -539.646826136 1
-305.126202747 -541.285699625 1
-297.647189858 -547.5603704 1
-311.014200571 -540.970180402 0
-298.356414224 -547.671824079 1
-298.830771829 -547.874577325 1
-297.675221761 -547.060381292 1
-301.501771163 -543.811484802 1
-298.379972745 -546.238182004 0
-304.475524694 -542.001623342 1
-301.838236206 -541.182994961 0
-301.92372797 -540.559281975 0
-302.111215688 -541.867763343 1
-303.880444533 -541.690409622 1
-300.27183738 -544.266246514 1
-304.68135248 -541.449389036 1
-298.773669989 -547.071518652 1
-297.852253476 -547.573417392 1
-298.469375976 -545.548540995 0
-300.755107866 -542.337771633 0
-297.925055085 -547.201192522 1
-303.910337284 -541.075482035 0
-297.668455503 -545.887739183 0
-299.42461494 -543.867574856 0
-305.264762163 -540.769953434 1
-302.779403963 -542.405517483 1
-304.83375181 -541.776661778 1
-304.602826825 -539.615959443 0
-292.672831568 -542.69932042 0
-299.194656789 -546.862092429 1
-301.797098374 -540.690748023 0
-300.017897161 -545.300851979 1
-299.878824383 -545.72229429 1
-299.860845365 -544.772120922 1
-297.71756877 -547.655433693 1
-299.538772731 -545.870207475 1
-294.501041444 -543.440844128 0
-298.809333324 -547.060211974 1
-300.324267519 -544.195993899 1
-302.099041731 -542.554278101 1
-302.256324249 -542.262612082 1
-304.50933986 -542.11687247 1
-304.63015128 -541.65222599 1
-297.81429958 -546.968772473 1
-300.482530422 -544.140368199 1
-303.528235671 -540.368374495 0
-303.628140489 -542.325043403 1
-304.790175721 -540.112556778 0
-301.202112779 -541.287887686 0
-305.012031437 -539.869357607 0
-298.225954656 -545.454749453 1
-301.035410468 -543.969012132 1
-303.743112123 -542.044103106 1
-297.645163455 -546.311218285 0
-298.278989644 -543.817530883 0
-302.101835351 -540.823406649 0
-300.036948519 -544.724814416 1
-299.402101675 -545.856274553 1
-293.929621591 -542.945438126 0
-305.441210648 -540.059689017 1
-305.25527858 -540.025471934 1
-301.682252097 -542.952238469 1
-302.421163227 -542.318444672 1
-303.603832041 -541.892460343 1
-303.486503918 -542.032371978 1
-305.112460434 -538.824748728 0
-301.652042505 -543.151727891 1
-299.186851969 -547.536805827 1
-303.563313912 -541.773640487 1
-297.414887061 -546.360559478 0
-300.717384084 -542.039855161 0
-304.246913181 -541.91082875 1
-292.253401739 -544.211854491 1
-305.26296939 -540.968220381 1
-301.996952567 -542.475057058 1
-305.037605201 -541.582217249 1
-300.271878883 -544.128401013 1
-300.997271333 -544.334362024 1
-294.688617103 -545.855633135 0
-305.099805604 -540.21795087 1
-297.909687814 -547.250416298 1
-304.535431108 -541.397356909 1
-304.694858283 -542.028716899 1
-304.504931169 -542.443167559 1
-301.329283661 -543.193090296 1
-295.285692278 -543.916103199 0
-298.887571951 -546.151275251 0
-297.939472101 -546.544683243 0
-291.552908469 -544.915876941 0
-307.321763498 -543.501511968 0
-300.718946413 -542.345951183 0
-297.417158798 -547.61205657 1
-303.959847519 -540.290478821 0
-304.642660565 -541.156621201 1
-302.954915356 -540.548277942 0
-300.623361178 -542.509957539 1
-298.80044364 -546.331586943 0
-299.366358971 -546.374709224 1
-300.553849781 -544.461783767 1
-310.096571059 -539.867515591 1
-300.353062872 -544.062754909 1
-304.597613002 -541.645628798 1
-302.085056736 -542.77758619 1
-297.671120432 -547.430250078 1
-297.754834155 -543.624753838 1
-298.84393156 -547.357595618 1
-302.138494319 -541.319000841 0
-304.097151826 -541.935459724 1
-300.526708879 -544.412659307 1
-301.123759691 -543.835992209 1
-300.545769306 -540.503126522 0
-302.599783952 -542.162507993 1
-305.36240949 -539.182693778 1
-309.018927326 -539.436399847 0
-304.539923422 -542.071580087 1
-298.847446913 -547.107283413 1
-300.508650294 -544.125655968 1
-309.216669773 -539.189677078 1
-303.724458462 -541.888375061 1
-299.454546902 -547.056899615 1
-304.471563958 -542.373276356 1
-302.474713132 -541.886861036 1
-301.364661527 -544.056977757 1
-300.574408535 -544.237111144 1
-297.494569896 -547.405723899 1
-295.038200209 -544.74659363 1
-302.129106004 -542.828406377 1
-301.985003269 -543.106114244 1
-297.834889294 -546.396824057 0
-298.050653566 -545.799641846 0
-304.980902972 -539.198910405 0
-299.969483716 -545.024446841 1
-304.687344342 -541.201282009 1
-299.569655552 -546.79591004 1
-299.119986951 -544.3994555 0
-302.457129355 -542.55009656 1
-299.83747218 -543.330103341 0
-299.095818089 -547.001521665 1
-299.015944832 -547.029271825 1
-299.388904931 -546.80036749 1
-305.263284493 -539.921284225 1
-305.250865977 -541.16642013 1
-304.57235036 -541.300840692 1
-298.011892654 -547.094461005 1
-293.031470517 -545.543636781 1
-306.19973554 -541.918211665 1
-300.410519313 -544.828320882 1
-303.689070571 -541.989859474 1
-299.638698762 -545.001326736 1
-304.044249241 -541.636795821 1
-301.762802355 -542.569642093 1
-301.789775434 -540.716032767 0
-304.216416737 -542.530118182 1
-300.399826345 -544.110524244 1
-302.84378631 -542.425544684 1
-305.162366381 -540.46264177 1
-302.291526373 -542.453739781 1
-301.199072887 -543.578755491 1
-302.23470165 -542.397291706 1
-300.052172135 -543.435220673 0
-298.50464787 -543.432684321 0
-300.569359194 -543.99124602 1
-299.373109058 -546.990764661 1
-305.363018311 -539.329193974 1
-301.080612556 -543.406160263 1
-298.036355666 -547.107201405 1
-309.271018384 -540.003770849 1
-297.637936567 -547.408462067 1
-305.184977218 -540.215070413 1
-305.390880475 -539.230620066 1
-299.412407502 -544.835292814 0
-299.306573579 -543.422548745 1
-305.01370624 -541.231608882 1
-304.118258011 -542.145312297 1
-297.324709355 -545.872400671 0
-305.275906511 -538.58915145 0
-303.028814503 -542.063113306 1
-301.936469489 -543.032247514 1
-302.985194486 -542.01129838 1
-301.257195305 -540.472808503 1
-301.782102118 -542.937241226 1
-302.955075589 -540.490992247 0
-299.964593817 -544.604841838 1
