-957.986894223 245.308435714 1
-958.464022899 246.842448399 1
-956.304994972 248.05498753 0
-959.813487723 248.760174771 0
-965.242210232 242.802131126 1
-956.701521758 246.141362233 0
-970.375513186 245.538980691 0
-959.063635529 244.530166272 1
-964.753977297 246.161601194 1
-958.943375619 244.508367608 1
-968.167295262 247.151890437 0
-957.984568152 245.869226323 1
-967.79230714 247.491921002 0
-963.808000427 245.394945551 1
-966.465421033 244.040452947 1
-965.074087184 246.141573127 0
-960.155759229 248.308264982 0
-958.622677675 245.157330925 1
-961.943985876 245.097427281 1
-967.537640419 249.223874879 0
-959.54174855 248.976116969 0
-960.228438494 247.871551581 0
-965.24394887 249.392554385 0
-966.386686603 245.986843971 1
-957.412238367 245.598873152 1
-962.534636408 243.543203322 0
-965.049021761 248.372681118 1
-959.378398053 243.497127432 1
-963.410284569 249.466066418 1
-958.381323946 248.180817204 0
-958.824487302 244.428148723 1
-966.309836894 244.072962154 1
-965.894635541 249.281731109 0
-968.29190884 240.135840276 0
-966.077159364 243.491390062 1
-965.480575237 245.854974504 1
-968.444255602 246.225824364 0
-965.842092166 245.435477011 1
-957.782801521 245.494678871 1
-968.050171393 245.538849848 0
-967.970532317 245.801662244 0
-966.371299413 245.971697302 1
-960.525322893 248.485300794 0
-966.465532284 243.046231365 1
-959.615626461 243.091238765 1
-965.206582801 246.37518582 1
-966.072659431 243.173125884 1
-960.432007332 248.04873086 0
-970.631438067 242.963703114 0
-959.70271002 243.225862632 1
-957.395349615 245.370751127 1
-966.263225258 245.269411876 1
-965.708761522 246.464363531 1
-968.271171972 246.821544789 0
-967.610007739 249.405420581 0
-965.392337071 245.954700927 1
-966.217087385 245.3293908 1
-957.292460376 245.418980777 1
-961.5769767 247.727786918 1
-973.306909524 245.917085917 0
-964.32146499 246.065840214 1
-960.121751481 243.724867883 1
-971.449632802 242.313810562 0
-959.347475267 243.116474274 1
-960.652935871 248.667195975 0
-957.248950298 246.35965276 1
-965.966369682 245.494985447 1
-965.794011018 246.013284276 1
-964.047309947 241.810408362 1
-957.454226262 251.636475223 0
-966.468157724 243.013839182 1
-968.17339918 249.122792433 0
-961.3336113 244.30269732 1
-965.512882795 249.724262623 0
-960.773545878 245.051639647 1
-960.939045324 247.73261847 0
-959.756231235 250.663645571 0
-966.322031595 249.233804625 0
-965.353881145 246.395354417 1
-958.323515239 246.076543648 1
-968.283616539 246.27589747 0
-970.002887021 245.113022357 1
-954.177662261 246.698444121 0
-968.103584361 248.240051966 0
-961.160962877 244.260759308 1
-958.05681918 245.405134826 1
-958.908106582 245.415873963 1
-968.178463695 246.431295867 0
-963.385198255 245.886293874 1
-965.897316061 249.158090007 0
-964.564436199 246.61371189 1
-966.603663723 249.085987704 0
-965.749447449 250.15473113 0
-957.588738686 245.689938405 1
-957.869380175 245.38873726 1
-958.037131278 245.440778561 1
-964.458150597 245.295647228 1
-968.217787765 247.035134273 0
-959.988155055 253.154463288 1
-959.687018155 243.588676827 1
-965.935568611 245.968073278 1
-959.53719134 249.095436784 0
-968.335348951 247.355912956 1
-960.886252316 246.642804983 0
-958.931709022 244.618500665 1
-958.309201149 246.043997521 1
-966.170495168 245.299993702 1
-959.284227844 243.301374911 1
-958.522390394 249.802946333 0
-960.928238107 246.610543352 0
-964.901152371 246.463243374 1
-958.311713885 245.12941856 1
-966.299709156 244.234369435 1
-963.28669019 246.206496475 1
-966.226925277 246.369386912 1
-959.571083893 249.182798322 0
-963.916884731 246.531131199 1
-959.537541317 243.440876162 1
-966.295394482 244.854965011 1
-960.474603224 244.071980278 1
-960.212530927 248.48902297 0
-966.358523493 244.427547802 1
-968.219518574 246.138407839 0
-954.706550195 250.53537221 0
-957.986781766 245.348611061 1
-961.380338617 244.241062071 1
-960.053541266 243.456290707 1
-962.446116228 247.044515039 0
-961.873092135 244.942452787 1
-958.916027902 243.728990207 1
-966.514320859 243.499873364 0
-968.026285659 246.798303737 0
-959.078672079 245.6068812 1
-956.412745825 244.973924145 1
-958.370303654 248.431630471 0
-960.440565099 247.603829541 0
-966.431276381 244.088025698 1
-962.084323693 246.85213122 0
-966.333655793 243.472891704 1
-966.427206668 245.75304185 1
-961.016473213 247.052536219 0
-957.547808834 246.505006028 1
-959.769880589 243.591528576 1
-958.847191992 246.60831088 1
-963.761379089 245.855462417 1
-957.541419246 245.411309523 1
-959.940029621 243.705534262 1
-958.845022313 243.673247854 1
-967.303620061 248.884655707 0
-958.309056478 245.471804219 1
-965.757450623 241.287816374 0
-964.07356443 248.554682703 0
-960.869834508 248.069744154 0
-960.785049773 247.497206307 0
-958.367641551 245.803251183 1
-962.185539161 245.299540012 1
-966.668717665 249.569971203 0
-965.859998063 246.010473784 1
-957.59572358 245.815792697 1
-967.509465197 248.880727131 0
-963.587021345 248.006133404 0
-963.218289481 245.942850304 0
-959.714074221 243.302414013 1
-965.420763176 249.403184394 0
-963.110950328 244.624484387 0
-959.607539552 243.785380321 1
-970.613212128 244.678727078 0
-971.258876875 244.763723676 1
-960.651019396 247.846329757 0
-957.004200105 245.557400156 1
-965.032862739 249.1899684 0
-958.518559999 245.587155823 1
-958.882329659 244.320247453 1
-962.30463976 247.005428362 0
-966.571325781 243.056794809 1
-963.427078599 246.309972686 1
-966.09404969 245.199359252 1
-967.879956956 247.996037409 0
-956.468173303 255.205005954 0
-964.595902154 246.232714304 1
-957.803063732 245.990201893 1
-967.83084296 246.697132429 0
-960.953021039 247.878386451 0
-962.706469997 245.743716513 1
-955.389786323 247.565217918 0
-960.652499633 248.744645968 0
-963.362925934 246.15293101 1
-959.250379588 244.214540019 1
-958.364867907 248.403616882 0
-966.774797663 248.898352847 0
-967.74931573 247.938980278 0
-966.073526919 244.914840916 1
-966.533770688 243.792170428 1
-964.266413314 246.665925086 1
-967.043936371 244.078670425 1
-967.540701006 249.296109862 0
-957.554475965 246.003197952 1
-966.868676931 249.390812588 0
-966.596122163 249.182863711 0
-964.165079902 246.44183826 1
-960.974884207 253.035962097 1
-959.130505087 248.768179926 1
-964.473476111 246.572935374 1
-967.954611266 245.640851189 0
-964.69142913 245.783504552 1
-959.419772821 243.29410654 1
-959.963018339 248.481189745 0
-958.966258284 246.94519416 0
-954.594897441 248.977409805 1
-960.417774654 243.579354811 1
-967.959653261 248.988458388 0
-959.65385355 248.809371612 0
-960.163250773 243.457438985 1
-957.909185476 245.273462919 1
-964.81035083 250.863062201 0
-960.565788019 247.843691595 0
-965.682095479 245.9323202 1
-957.53298322 245.742219671 1
-957.330338304 245.799103019 1
-961.257328806 244.501232641 0
-961.529407616 246.55367755 0
-965.871255004 246.510993466 1
-963.938945949 248.469444616 0
-960.069051403 248.742614844 0
-959.416909619 249.053521708 0
-966.379365965 244.204539943 1
-966.533956474 243.61852082 1
-966.140231138 246.062962568 1
-961.626472906 244.779598435 1
-959.639891996 243.130817876 1
-962.888905487 245.574420856 1
-970.891215668 246.430814912 1
-962.247557618 245.069120769 1
-957.651794341 245.311080987 1
-960.816455615 247.723658008 0
-954.347248372 247.318099521 1
-967.192276157 249.06566981 0
-966.630560867 249.487834037 0
-962.241640132 245.383463132 1
-957.20746994 245.738858442 1
-968.731173095 241.299973891 0
