-4.79136980173 1.44009316573 1
4.08831651127 -3.11896188427 0
2.85652770027 -3.20763871927 0
4.77473779727 1.14184168673 1
3.05231236027 -3.06325210227 0
1.98711824327 -0.650935581273 1
-4.57756763973 1.47727014073 1
-2.14734637573 -0.599972177273 0
-3.28193530273 1.48749804773 1
-2.35455376573 1.21546879173 1
2.47461887627 -0.884082798273 0
-2.99903557673 1.48303921573 1
1.68573882227 -0.554014723273 1
-3.71906931573 -4.87528352727 0
-0.257673622729 1.07311299373 1
-4.48031440773 -1.12140260827 0
1.54506739227 -0.305531023273 1
2.36463883927 -0.489801443273 1
3.07207626127 0.952488360727 1
0.934031724271 0.287087012727 1
4.83372820127 1.00004357473 1
-1.03814874673 0.992429912727 1
1.80803275127 -2.37762628427 0
5.74903834827 -1.78567019527 0
-1.75099288973 1.14606730673 1
3.30254383727 -3.49644063527 0
-4.93300900273 1.91783319873 1
-5.05447581973 1.57096128873 1
4.67255964027 -2.03962607427 0
-5.81208352773 1.55221893373 1
-2.09244723773 1.18959455873 1
-3.91361306073 1.97294454173 1
-0.32163282173 -1.51583081827 0
2.01419548527 -2.68412111127 0
-3.85268388073 -0.524598326273 0
-0.828121082729 -1.15404977527 0
-2.27395996873 -1.19859728627 0
-2.96610573473 -1.13271762427 0
2.72389592727 -3.13295709627 0
2.77701076327 -0.0494829692731 1
4.41115437327 -2.21133144727 0
0.510488390271 0.418493733727 1
3.71326794927 1.02758457373 1
-0.157311257729 0.441119688727 1
1.50536424427 -2.03298255727 0
-0.33975577973 0.578072884727 1
2.78750092827 0.331494386727 1
2.78792019427 0.0376896037269 1
1.67912520827 -0.327474917273 1
3.65829706127 -3.14261999527 0
-3.07026197473 -0.935755600273 0
5.38810691427 0.209788316727 1
0.78036387527 0.271120603727 1
3.49163146627 0.259206413727 1
0.83317275327 0.461376965727 1
3.58997661027 1.11355343373 1
-3.68520388373 2.16420870573 1
2.35352679927 -0.872117114273 0
3.17599361627 -3.07824456327 0
-0.0649804287295 0.695968574727 1
-3.22123821773 1.86224320673 1
2.96090967927 -0.791801458273 1
-2.01646657273 1.59759912173 1
-5.73009812373 1.02355050973 1
-0.80934634773 -1.10057087927 0
-4.74524364573 1.57782840773 1
4.90725270527 -1.22632327827 0
4.83570464127 0.828451340727 1
-3.25862653873 -0.354738078273 0
-5.35032707273 1.62732570573 1
-0.188181210729 0.693008348727 1
-0.72569756973 -1.11882616327 0
2.67150244927 -0.935046942273 0
4.27296137227 -3.35463323527 0
-0.73257135573 0.663200739727 1
6.24760863727 -1.78566851027 0
2.58672381327 -0.138633718273 1
-5.59506494273 1.13012877273 1
-2.40759849073 1.40424214473 1
4.18320278727 0.788028441727 1
4.06236377727 -2.66755569427 0
-4.87109845773 1.85568286473 1
3.93291758527 0.712393401727 1
4.33779168927 -2.62756369127 0
1.57471341627 -0.555951696273 1
5.65126685127 -1.41389011627 0
-1.67561762273 -1.41872810327 0
5.19699882627 -1.30375997227 0
-4.17007409173 -0.849366379273 0
0.0227858232705 0.497305133727 1
-4.76257463273 1.55452332473 1
-3.19265263473 1.83600977673 1
-5.51432782573 1.63441779273 1
3.64911454427 0.871773677727 1
1.26701593927 -0.0590413172731 1
-0.75361737073 -0.955763500273 0
4.18491807727 1.40635956673 1
-0.418894383729 -1.37608344527 0
2.57492865127 -0.357669950273 1
-4.87026847373 1.36648119673 1
-5.18975000073 2.24503557073 1
-2.22180762473 1.60048789973 1
4.23560810927 0.890750201727 1
-1.45485442173 0.821323194727 1
-2.42945714173 -0.982179162273 0
-0.91898582973 0.781014226727 1
-1.91582612273 -0.653617689273 0
5.95876855627 -1.68604430427 0
-4.55665647873 2.41955797373 1
6.29865069827 -2.02264103327 0
-1.59035213973 1.42778879673 1
-2.72661596073 1.27704388473 1
-1.87922339373 1.02767259273 1
-2.40387707973 -0.583888354273 0
-4.32747838873 -1.10420752727 0
4.42272179227 1.09202229073 1
1.18794465927 -0.0336973932731 1
-4.09235572973 1.78089665373 1
3.99316293027 1.16678084973 1
5.11748585227 0.317848159727 1
-5.39047787673 2.19337622373 1
0.232937873271 0.678406453727 1
-5.02952633473 1.79721139973 1
-5.66448458773 1.70148892473 1
-2.25639775573 1.05956710573 1
-2.34249352673 1.76985412673 1
-5.52046267573 1.74410133473 1
2.34040458527 -0.921045901273 0
3.88366064827 1.34860128173 1
-3.90971430573 1.92135745373 1
-0.62827721673 0.758304730727 1
2.05426277427 -0.805030452273 0
-5.06535413973 2.03860315573 1
-1.45798574073 1.41995499973 1
-0.796969045729 -1.48350761327 0
2.95516461827 0.789983032727 1
0.307259086271 -1.55552486227 0
-0.0116663467295 0.760042125727 1
4.69325152927 -2.42410795527 0
2.20613967427 -0.120093083273 1
-0.67790526773 -1.60058370427 0
0.942820928271 0.256823946727 1
-4.37030813073 -0.715517560273 0
3.00085190427 -0.712704063273 1
-4.00296946173 -0.714081436273 0
-4.74566969073 -1.03551760727 0
-3.11039523873 1.46955007273 1
4.31828219827 -2.99849782127 0
-2.39027246573 1.41985174973 1
1.67743310727 -2.53476923827 0
3.19077905127 -0.244240656273 1
3.25435266427 1.22256181573 1
-2.55767778273 1.62636671073 1
0.0472262312705 -1.18664669427 0
0.90651426027 -1.58182775527 0
-0.631359843729 1.10212891473 1
4.04634304527 0.683262374727 1
-7.45618798673 -5.65120955327 0
3.12249165827 -2.93455068527 0
-1.10208747073 0.728184960727 1
-2.19618920473 -5.12869542827 0
-3.64072039273 1.85195113073 1
0.550690276271 0.179989262727 1
-2.08576447473 1.52559532573 1
2.40991465527 -0.099878711273 1
-4.38823755673 -1.64122728227 0
-1.47845623473 0.867592427727 1
3.22879111827 -2.84339112927 0
4.32631832427 0.956039972727 1
-3.27178503473 1.64546651773 1
5.26680240927 0.240709212727 1
-5.16530792773 1.54309259073 1
1.32265860327 -0.133389613273 1
4.86196727927 0.737231070727 1
5.97417799827 -1.55455222727 0
1.03280734227 -2.14148210727 0
-3.69742073173 -0.902068211273 0
-2.65329675273 -1.02196235127 0
-4.31553531473 1.86054638773 1
2.94551462927 -3.08985334827 0
1.80900240227 -0.0302121382731 1
-3.39369865873 1.93799420373 1
-5.62723439173 2.06715669873 1
4.89661704827 -2.19768290327 0
0.49947460027 -1.37590492627 0
4.08935995927 -3.53133369127 0
-4.41277063273 1.98160080973 1
-0.301718205729 1.13285943373 1
-1.86751461673 1.54440934373 1
5.98202582927 -1.95112748327 0
3.97962587127 0.831472056727 1
-0.202285550729 -1.34697988427 0
3.69901057227 0.489120961727 1
3.16331207327 1.05552721673 1
-5.17684716973 1.60540859073 1
-2.00956874273 1.71636013673 1
-1.78119507773 -0.868865154273 0
2.39715727527 -0.807804586273 1
4.03752569727 -3.23746612027 0
-1.22223397073 1.40244157573 1
-3.41159136773 -4.50380229027 0
-0.173561764729 0.740196408727 1
0.69263946127 -0.0279193032731 1
1.13765082327 -0.208688547273 1
-3.74119952273 2.08593754473 1
0.31766696127 0.657852093727 1
-1.94655823173 -1.11512465427 0
3.32564039327 0.0182139177269 1
-1.59987997273 -1.16109173327 0
3.96429165027 -3.30598000127 0
-4.05120248573 1.54132609273 1
4.30302725927 -2.43090523127 0
-0.382263161729 1.18348408173 1
4.18334471727 0.707743584727 1
-3.14372199273 1.70803326273 1
1.47017620927 -2.23403556927 0
-5.13834973473 2.00507562673 1
-2.13517844573 0.970372548727 1
3.96736802427 -2.50443450927 0
4.05976556327 -2.47205156127 0
4.52430770227 1.19217247173 1
-4.59478678973 1.94785962873 1
4.57628441927 -2.23829574727 0
4.15911685727 -1.66583113327 0
-4.35911962573 2.12657777373 1
-1.80473295873 1.08061866573 1
1.37365666727 -2.07083976027 0
0.0181840742705 1.01828439373 1
-0.10787471473 -1.48114737027 0
4.60847772727 0.693757282727 1
-5.50672640373 1.74651178473 1
4.59903750627 0.923675662727 1
-2.31481835673 -1.13205917327 0
-2.43028290173 1.68148757473 1
1.44593614527 0.145661667727 1
4.74424898027 -1.50966230827 0
-5.40935564273 1.71025230273 1
-5.78657805973 1.54838409473 1
-0.84000893873 1.25940999773 1
1.20665512027 -2.06256086627 0
2.92737679427 0.439844481727 1
2.12253931927 -2.31126210327 0
-0.00869163072946 1.01906615573 1
-2.94942220973 1.36101376673 1
-4.86927375973 -0.898280372273 0
-4.45900769973 2.05047935273 1
0.170476068271 -1.64581800527 0
-2.42631330873 1.76974755273 1
-3.36518572473 -1.05554130627 0
4.46923690127 0.833346004727 1
-3.28341560773 1.69683244973 1
3.10081605727 -2.90119101027 0
2.10593837627 -2.39701171027 0
4.94559434127 0.784104457727 1
-1.74025143273 -0.724162055273 0
2.41310728027 -0.154514746273 1
0.262960826271 0.726617373727 1
3.16693771327 0.0102602157269 1
6.28150324527 4.94763032273 1
-2.09133127373 -0.900120908273 0
-1.91693783773 1.52914133073 1
3.26765208827 0.691078430727 1
-1.96483378073 -0.927379312273 0
3.05773689227 -0.0115740932731 1
3.76330023427 1.37113445773 1
0.00437675727051 0.800180434727 1
1.43063497527 -2.37427699027 0
-3.77988453773 -1.29516391727 0
-0.11720092473 0.522430635727 1
-3.85200990073 1.90075747973 1
4.57758181227 -1.53035337427 0
-0.933733722729 1.41754893773 1
-1.18444008873 -1.46218045927 0
2.08329366327 -0.411503936273 1
0.48788593427 -2.03713257627 0
1.72457264127 -0.201359365273 1
-5.76195779073 1.90158164373 1
-1.05515412273 1.09216236473 1
-3.84936614973 1.64526195173 1
2.63798486827 -0.629076645273 1
2.97746771527 -0.836990731273 1
1.77338542127 -0.285508129273 1
-2.94162535173 -0.552106110273 0
-3.86945952373 1.53007445073 1
-1.21009390773 0.969130729727 1
-4.54095156873 1.88316309073 1
5.35850009727 0.539241833727 1
-3.52442418573 1.92076028273 1
-8.84115144173 -2.58935207527 0
-0.0896482307295 -1.64589927027 0
2.84521311327 -0.578130847273 1
-6.27768713373 -4.77780679027 0
3.45615211527 -3.29506468827 0
-2.38276356073 1.43961018373 1
-0.38218278973 -1.05068291027 0
0.212549186271 0.800870171727 1
-3.35507956773 1.54710728173 1
2.77809422527 0.255304700727 1
-3.68857355873 1.96433029473 1
0.325304874271 -1.28995309527 0
2.59732953527 -0.0199733452731 1
3.99717732527 0.964630561727 1
5.12082503127 0.739130016727 1
-4.81723153773 1.71611393973 1
6.31644342027 -1.91028646927 0
-4.86388159473 2.34353810973 1
-4.34566075073 1.76988822973 1
-4.03776189273 1.71826396573 1
-3.96381562973 1.89238697873 1
-0.48999375773 1.29468737073 1
-2.86666136973 1.48283481073 1
5.15267754427 0.706344271727 1
2.72285440427 0.212032947727 1
-3.83795193773 1.53786886473 1
-1.82973733673 -1.39495524927 0
-0.562176214729 0.607139752727 1
4.00340542727 1.22319665773 1
-4.22477115173 -1.31492016727 0
-3.15420812373 -0.793394370273 0
4.55986656527 0.952943593727 1
-5.12013118373 1.73909968873 1
-1.16549865773 1.24051948573 1
-1.78780921673 1.42885751973 1
0.215109753271 -4.49093268627 0
-2.09151806173 1.56608771973 1
-4.05482105773 -0.514447180273 0
2.29238845427 -0.273810096273 1
-1.64024840873 -1.02283210527 0
-2.44829225473 -0.488131761273 0
1.21616798827 0.268967187727 1
1.76243436027 -0.257513624273 1
4.61863300327 0.735638945727 1
2.90923317127 -2.96133234627 0
5.10485279127 -2.09241099727 0
-1.94018101973 1.12071541873 1
1.96181142727 -0.666928907273 1
5.50532961027 5.92933848373 1
5.40636160627 0.149189703727 1
4.56899118627 1.09364515773 1
-5.25247955773 2.00787729673 1
-2.68145024573 -0.556166555273 0
2.43402870727 -0.242503439273 1
2.87491889327 0.431652315727 1
1.44615132227 -0.463026470273 1
3.30700124227 1.07481424073 1
-6.07504164173 1.79506010773 1
0.522619486271 -1.59154583227 0
-4.20487405373 -0.665066912273 0
-1.30653708073 0.922203524727 1
0.40587684327 1.16398585073 1
0.486787965271 0.316459223727 1
0.0421319972705 0.671031787727 1
2.47238584627 -0.635750993273 1
-4.34349751973 -1.37242677927 0
2.41814002127 -0.889008005273 0
-2.38765621873 1.22753021673 1
-5.44200564773 -7.33466616127 0
1.73029715527 -0.375484851273 1
2.71280880127 -0.401209167273 1
-1.95018376573 1.24784520573 1
4.08956511427 1.23082897173 1
1.36014008827 -2.36947054827 0
-4.37352297473 -1.39290410727 0
1.23448124427 0.0580943097269 1
-5.71234755573 1.35148911973 1
5.73450605227 -1.71454768827 0
4.56377574027 0.608940833727 1
-0.75684697873 0.886200483727 1
3.61156378827 0.677336774727 1
1.63634296627 -2.17506231927 0
4.47148733927 -1.48390815427 0
-3.80583115873 2.08567436773 1
-0.57125445773 1.29731400473 1
-5.89754908873 1.39098345173 1
6.23178287927 -1.85696099027 0
-0.705189524729 1.26507946873 1
1.72738009927 -0.154435445273 1
-5.08078684773 2.02033945673 1
-5.57636557573 1.79813865573 1
-1.38927727073 -1.29391614827 0
-1.09140974173 1.07338332573 1
-4.00492117273 -0.696444867273 0
3.91695587927 -3.63651123827 0
4.87594513027 0.670829607727 1
-4.90815071473 1.95442083773 1
3.86514486927 -3.02137996527 0
-5.66112134473 1.71017195173 1
-4.17490572873 1.83854051273 1
0.0783636192705 0.728065056727 1
-0.0723635397295 -1.58617843127 0
1.81429589927 -0.483612763273 1
5.36629115327 0.455094850727 1
3.65429917227 1.46379351273 1
-1.98055623573 -1.29779673527 0
-2.46039801873 -1.05626244327 0
-1.14197047273 1.51335954473 1
-1.14944024973 -1.12198841427 0
-1.81747922873 1.37142602573 1
4.63212640327 0.815269447727 1
0.69423287727 0.334168000727 1
-4.50782251573 -1.36801037427 0
3.52879221127 -3.54912971727 0
8.63102033027 3.43827341873 1
-9.10673500473 -3.05567390127 0
0.94390429927 0.0493888637269 1
-4.51524988673 1.90094169673 1
5.03996203227 0.518036493727 1
0.80307532727 0.209690465727 1
5.55123743327 -1.74899639427 0
1.95787793627 -2.21109645427 0
-3.83644069373 2.11600562573 1
0.0182513072705 -1.78790139127 0
-7.23916441473 -3.65019000727 0
2.16959704727 -0.474564417273 1
3.70601337227 0.473761910727 1
3.46400831127 0.610787967727 1
-4.94634824073 1.77091502473 1
2.99128323727 -0.149315235273 1
1.05467730127 -0.258492453273 1
6.28312195327 -2.28992895827 0
-2.44299785473 -0.791788327273 0
-3.05291604973 1.96112190673 1
4.38479128727 -2.49140578627 0
-5.90014798273 1.47648282573 1
4.59915431827 -2.57009917027 0
-1.82987490573 0.970831803727 1
3.39605799427 0.199961502727 1
-1.79411913973 1.24489150973 1
-1.42056539573 1.33078774773 1
1.21889775827 0.226919766727 1
-5.91163659973 1.93882222973 1
3.06853218327 -0.629594943273 1
-3.67679409973 -1.12209405527 0
0.44954949027 -2.03542674227 0
0.679655964271 -1.57855937127 0
4.91915876927 0.883582199727 1
1.97430670527 -0.304178946273 1
-2.50017317973 1.64441910773 1
3.23174820027 0.518062786727 1
-1.57172764473 -1.40678161327 0
-5.44886535073 1.80300195073 1
0.415763010271 0.588370580727 1
2.60573204327 -0.254060927273 1
1.33517464127 -1.77868043727 0
-5.35700016273 1.75727541573 1
3.53680269027 0.796818122727 1
4.42036788127 1.00499698673 1
-4.29504999473 2.36492863773 1
-0.10835834273 0.442981409727 1
-0.29858122573 1.05902095473 1
-1.76867290273 1.37701797673 1
-0.369561186729 -1.74217648327 0
0.248230286271 0.522269846727 1
8.38241595927 -0.350443889273 1
2.67843267127 -0.471889079273 1
-2.10978075473 1.52610530873 1
4.88433449627 -1.58804974227 0
-5.25369763973 2.00242937273 1
-0.85429952173 0.876326991727 1
-0.0284770707295 0.900790006727 1
-2.82025416773 -1.05181618327 0
-4.82480077473 1.52700573373 1
-1.21950996573 1.26520968773 1
4.40949294927 1.01744163373 1
2.94424676327 -0.307009754273 1
-3.85974918973 1.98282666873 1
4.14196704227 -1.74286058227 0
3.70829845827 1.31906309173 1
-5.83145583273 1.95717142273 1
