-3.16725810397 1.06321801179 1
4.03762379103 -4.12634310121 1
-3.96625374897 4.14766742379 1
-3.10348321897 1.54880113479 1
-0.308487157968 1.15709546579 0
0.445026161032 1.26691079379 0
2.21131409503 -3.82628387421 1
2.67702649203 -4.26480978821 1
-0.196772017968 0.651598674794 1
-3.94946840697 3.16933456279 1
0.619899912032 -0.874340989206 1
-3.31491154797 2.22821601979 1
3.82911442303 -3.77922280721 1
-3.30543138597 3.28991229079 1
-3.72014884597 4.52378343279 0
-1.04804056397 2.54127529279 0
-2.62087937197 2.86091312779 1
-2.76573567397 1.20097455379 1
-0.00573586196811 1.38919582279 0
4.04732869603 -4.44824155621 1
1.62464843803 0.00513299379418 0
-4.18305395297 0.735925398794 1
2.17192832903 -4.03460911021 1
3.81047578503 -3.76506973721 1
0.956673401032 -1.43599448521 1
-2.19525265997 1.43314318179 1
-3.42937283897 2.41897854779 1
0.820552769032 -1.39977135921 1
1.08734163703 -0.599727503206 1
-0.136975343968 1.81751927879 0
-3.51759225597 3.85220005279 1
2.49375442403 -4.16490013921 1
-0.0200418019681 0.203466351794 1
3.20759308703 -4.56143597921 1
-2.44573971197 2.07701472179 1
4.56611424203 -0.261987479206 0
-3.40927607497 3.96628692679 0
-0.536372607968 0.180585104794 1
-3.34554882797 3.50028463879 1
-2.42597808197 3.07924591479 0
-1.86873282897 1.26762795779 1
3.78302382003 -4.31763715921 1
3.77111972603 -4.30102004721 1
-3.97520716997 2.46005360079 1
2.40553937603 -2.28745981921 1
-2.19817223097 0.845738123794 1
2.98042485103 1.73361397679 0
3.28023601903 -3.64807217021 1
-0.641007062968 2.47365927679 0
2.97162667603 -3.21141914121 1
-1.61283245797 1.82781469079 1
2.94319108703 -4.01489553621 1
-2.99523045497 3.66427873379 0
-2.45688387997 1.21707557079 1
2.20813158003 -3.14751140721 1
2.23207539503 -3.60100602721 1
-0.875275088968 2.88454920979 0
-3.33394234697 3.34736201979 1
-2.60508374097 0.916447368794 1
3.66817075603 -3.71107813621 1
-6.68409396097 0.972374485794 1
-0.262061372968 0.115545381794 1
1.38933746503 -1.88098465821 1
-1.89830775797 1.23180352579 1
-0.242798586968 0.791380603794 1
1.04391965003 0.758239935794 0
-3.50244024197 2.28642919879 1
-4.12037182597 3.49082772879 1
2.15226993703 -2.86654736721 1
2.23407763503 -3.94464367721 1
0.657954736032 -1.09066277921 1
2.49381949703 -4.43476367921 1
3.86505593103 -3.67501548221 1
-3.99891886797 2.98446330479 1
-3.29918390897 2.12772942179 1
0.123225692032 -0.289685491206 1
1.82189360803 -0.364899723206 0
3.75462339803 -4.35732320221 1
-2.78290232997 0.805191184794 1
2.78845460803 -3.99811982121 1
-0.0865115069681 -0.0733984072058 1
-0.602316825968 1.45835757879 0
2.04153666403 -0.295362611206 0
1.92968052403 -0.966495834206 0
1.04592471703 -0.528810686206 1
-5.32106927597 1.71024166279 1
4.09985763003 -3.62153263821 1
-4.29407612797 3.30236645879 1
-0.894505073968 1.55080399779 0
0.130272000032 -0.641533575206 1
-0.299319849968 0.0806842747942 1
-3.37426508297 4.42172329679 0
-2.59332532597 1.58646803379 1
2.94585922803 -2.99654851021 1
2.80509581503 -2.18760504921 1
-1.28529551397 1.72243811179 1
-0.0476540329681 -0.185278143206 1
-3.05906494797 1.95574584379 1
0.419843854032 -0.490859464206 1
-0.404790293968 1.98709013879 0
0.484002052032 -1.17697772421 1
-3.22460707397 2.21364274579 1
3.48837866403 -4.44973786421 1
1.88387335103 -2.31129517821 1
0.530461104032 -0.610086746206 1
0.132069863032 2.19338350179 0
1.83550361703 -0.662461309206 0
-1.51550409297 1.69618916479 1
-3.23502198697 0.939653761794 1
3.02460594503 -3.90796580621 1
3.95288765403 -3.86974451121 1
1.68427729503 -2.29718921521 1
-2.26947424497 1.37320254079 1
-3.19223294597 3.78023651479 0
0.798935943032 -0.452190006206 1
-2.02853644297 1.35762559879 1
-0.0192121749681 1.56934234479 0
1.25498705803 -1.08736352021 1
-0.141377929968 1.62789849179 0
-2.48595463197 1.09907451979 1
2.12626266403 -3.09053602021 1
-3.75275844997 3.35757969279 1
-3.22437187397 3.50567405879 1
1.12097612903 -1.03655186021 1
2.38722483803 -4.28662660421 1
-3.82241726997 4.72282844079 0
0.250068376032 1.73746809979 0
-4.07766577297 3.94777728479 1
0.196233527032 -0.487807004206 1
-0.452747439968 2.37022569379 0
3.43325779003 -2.77236125421 1
-3.37533525897 1.59552084079 1
0.291411790032 -0.147603883206 1
1.56664364903 -1.86543681521 1
3.50904012503 -4.21518869921 1
0.721392509032 -1.28401262021 1
2.14275618203 -1.65956820121 1
1.43883517903 -2.09425392821 1
-2.12805868197 1.30791635679 1
3.51087686303 -4.37516224521 1
-2.75762153497 2.50664222179 1
-1.81328053897 1.44648265879 1
-3.89450758297 2.60458895279 1
-6.56543262697 2.16835421279 1
1.34947519003 -0.280794877206 0
-0.970147186968 1.04765888279 1
2.74760738503 -4.07682498021 1
3.73025511403 -2.57725912521 0
-0.813013031968 0.687846634794 1
2.22341742203 -3.80648017621 1
2.10469463603 -1.59490297321 1
1.11855438603 -0.871855634206 1
7.27606160603 0.0331312927942 0
2.26482664603 -1.37581126421 0
-0.0633126009681 -0.478694039206 1
-3.03463001297 1.99503291979 1
-3.80619973097 2.31133100979 1
-1.27982646297 1.58656495379 1
0.262221660032 -0.453513159206 1
3.54939995203 1.11101084679 0
-2.63359564597 2.25566966279 1
0.931558814032 0.175065092794 0
2.15011053603 -3.45057750721 1
-4.08810468597 2.92060516779 1
1.92573181403 -0.393386691206 0
3.10738757203 -2.93644245621 1
3.05263168703 -4.34590825021 1
-8.69850100997 3.62798639179 1
-7.90116707997 2.90524470879 1
4.10931449103 -2.49814208421 0
-2.94271210797 0.862964256794 1
0.339923169032 -0.0547040822058 1
1.82714386903 -2.94843687121 1
0.650970204032 -0.781921948206 1
-1.02681554797 2.96697306579 0
-3.36071595397 3.14993736179 1
2.04182217203 -0.889500828206 0
1.42505915403 -1.57389459921 1
-1.81783520497 2.14707062079 1
0.0132724330319 0.716121802794 0
4.37980775603 -2.98011477121 0
-3.56293826897 2.28234206479 1
-3.15865741597 1.49873078179 1
1.93592231603 -2.73590497221 1
2.45476323503 -4.03663812421 1
1.41078642703 0.280947475794 0
2.37789890403 -3.38969835621 1
-1.93416842397 1.50893757679 1
2.79041103303 -4.32935278421 1
0.704833294032 -0.343587992206 1
-0.828618720968 2.41268154879 0
-1.39068213697 1.46605246779 1
2.54343561603 -3.67710385121 1
-1.73556357597 0.895386694794 1
3.20857725803 -3.13755905221 1
1.57193559603 -1.99955770821 1
-2.88876492697 1.33247824579 1
-1.14055255597 1.50764225079 1
0.988139025032 -1.33265157221 1
1.33278717703 -1.62945822121 1
-3.73677964197 2.95132030379 1
0.240150309032 0.0693712847942 1
-3.53953290997 1.82746583379 1
-6.76373641297 1.83525017179 1
10.152111408 0.254025451794 0
9.59762563303 -2.26986866221 0
-1.15812822597 0.949313046794 1
1.99942693303 -2.45583868021 1
2.51084134903 -1.69345345621 0
4.04059835903 -4.20141627121 1
3.96714149203 -3.64402982721 1
2.36999963603 -3.86140099721 1
-2.37249335897 1.05664572379 1
3.79210000603 -2.57765944221 0
2.78389747703 -3.94557510821 1
1.66013998903 -1.30269699321 1
1.27555846003 -1.46777876821 1
-1.66768447297 1.03970477579 1
0.629370863032 -1.23079809421 1
-3.61035174397 2.85596114979 1
-3.41457915697 3.08497038579 1
2.48811266303 -2.48927533721 1
-2.66962985597 2.81489581079 1
6.56913429803 -0.222943372206 0
0.0760736920319 1.51898067679 0
3.14186914503 -3.02421340921 1
-3.82092482297 3.58627207679 1
-1.20593873497 2.73153123879 0
-0.519800059968 0.624617355794 1
3.28736441103 -4.30565050421 1
2.62617790803 -3.93644649121 1
-2.82063347297 1.78299327479 1
-1.58965230597 1.57786428479 1
-1.49339907397 1.33700547079 1
-3.19254538397 2.10774768579 1
2.12481796503 -3.47462681721 1
-3.30134190997 3.64033674379 1
1.78091184803 -1.77777736221 1
-1.19058779197 1.13263858779 1
-2.32520889397 1.16644867779 1
3.85597067403 -4.16083806221 1
6.27006444503 -1.09674835421 0
-3.51370913197 2.34835554979 1
2.06908630003 -2.44367176021 1
-3.53067125097 4.35752925579 0
-1.92299111897 1.30263731479 1
1.62132321703 -2.41577139621 1
2.23382896903 -0.808181888206 0
0.364666679032 -0.570204200206 1
0.112078776032 -0.275337798206 1
-3.56667458297 4.80735542479 0
-3.10459323297 1.69252170779 1
-3.28685178897 1.89082691679 1
1.63309934803 -0.349565135206 0
1.18202466903 0.831292072794 0
-1.26726154697 0.971985740794 1
-0.491126592968 1.09294714279 1
0.771682200032 -1.26580631221 1
-3.60350126897 3.65369276179 1
0.321987360032 1.76130553479 0
-2.51076343997 2.38604357479 1
-1.56869697097 1.04656209479 1
-1.38882157397 1.71862779779 1
-1.30084681197 2.70892593779 0
0.860899150032 -0.942901352206 1
3.14526409103 -3.28497478821 1
3.98636164303 -4.21292457521 1
1.97548592003 -2.57388449221 1
-1.29385185197 0.917892035794 1
-3.41505152297 1.55311545379 1
-0.848569353968 1.73262248479 0
-6.85454315797 2.99152207679 1
-2.72643118297 1.46726912679 1
-3.22758970097 3.82721028179 0
-0.992848699968 0.838851119794 1
-1.83037002097 1.04324754179 1
3.19538594203 -4.39051995721 1
1.48952171203 -1.72560212021 1
2.13833933603 -3.36452897221 1
3.44855506703 -2.88018013021 1
8.18895804503 -2.85490709521 0
2.92489936003 -4.18107907221 1
-0.248397957968 1.78492337979 0
-3.03302106897 3.63129866779 0
1.40503086403 -0.856295514206 1
-1.29566802097 1.03375420579 1
1.83715330103 -0.684070037206 0
4.16996167403 1.14124405679 0
-3.60465995397 2.85986887479 1
0.544915605032 -0.279210853206 1
4.30098173203 -2.57675795421 0
2.00073939403 -3.99830356321 1
-3.65754090397 1.88448896879 1
-3.83217549597 2.28755290779 1
-0.640461461968 0.447571788794 1
-3.12470383897 1.20040097479 1
-0.792337216968 1.02481046479 1
-0.487409480968 1.89717239479 0
-1.08951026897 1.64174867079 1
2.94740723703 -2.42723718421 1
3.94969087903 -3.65522590521 1
0.460033282032 1.05537274079 0
3.85817234403 -0.903726118206 0
-3.49085400497 2.54781703279 1
2.63855692803 -4.24456478221 1
-2.13109614797 2.79037247279 0
-2.32740212897 1.45047363579 1
-0.0660545049681 -0.464806029206 1
-1.26355959197 0.903415841794 1
-0.368830617968 2.60142061279 0
-4.01729141597 3.48370933279 1
0.225598318032 -0.307104589206 1
2.17563976103 -3.14926269421 1
1.57288525303 -2.31385923121 1
-2.85612396697 1.30329364579 1
0.248211948032 -0.540688968206 1
0.0366831110319 0.126164216794 1
1.62178531003 0.132310067794 0
4.01650083803 -2.65205406321 0
1.07137465003 -1.53768780421 1
4.13383622103 -3.68188702721 1
-1.56383740497 0.853763458794 1
-0.821274584968 1.13297205279 1
-3.79829725897 4.63217066579 0
-1.05362703797 2.46833533579 0
-1.32260181997 1.54412804479 1
-1.80868084997 2.78969344379 0
-1.77383050997 2.61820961879 0
0.510040947032 -0.514736333206 1
-1.36683453397 2.95799280479 0
2.30896795403 -0.713103885206 0
-1.14008615197 0.701756100794 1
1.57103646403 -1.73583121421 1
2.94482612203 -2.60330594521 1
1.91403319103 0.0130664127942 0
2.09142199103 -3.35320402821 1
1.15989042403 -1.25205216221 1
-0.570466231968 1.33328449779 0
0.382452799032 -0.864158660206 1
-1.70638842697 1.69530247879 1
-2.64697979197 2.17795130679 1
-9.03958012697 2.04786372879 1
-1.20791321197 0.787858075794 1
-0.183550251968 0.483814504794 1
0.248699660032 -0.326170812206 1
-0.526422984968 0.719167014794 1
-2.26497618697 1.55601407179 1
1.62768686003 -0.384374285206 0
-0.119949281968 0.318681941794 1
0.470679232032 1.13784798779 0
-3.39259012697 4.12171208779 0
-3.13527619297 1.20346839879 1
-2.86433625497 1.72168150979 1
-2.91500127197 3.15517309679 1
1.67866167503 -1.49724646921 1
-0.748763042968 0.809959368794 1
-3.81866844797 3.46259996179 1
-5.68145696197 0.541206007794 1
2.21915984703 -4.07729865521 1
-0.386521364968 0.310315646794 1
-3.56406337597 2.05385233479 1
-3.25651544597 1.45606808179 1
1.18500451103 -0.779748587206 1
2.17792897403 -1.85975897521 1
1.40096100703 -1.71226625421 1
-3.86745082997 2.57724979179 1
3.64871883403 -2.81711682421 0
3.45480525403 -3.88583874921 1
0.961715391032 -1.28638680721 1
-3.62492183397 4.69823855079 0
1.90172994103 0.147992481794 0
-2.28986033497 2.90298741279 0
2.74954851803 -3.75796962221 1
2.83605465203 -3.79616975321 1
4.11894889203 -2.74940565021 0
-3.61703994397 1.58626572679 1
-3.64904165197 2.88604975379 1
-0.157869443968 0.104449136794 1
2.29772781403 -1.91384246421 1
-3.12494837097 1.93439625279 1
7.79234958103 -2.70384701121 0
-1.69595167997 1.71077606579 1
0.137115063032 1.46706312179 0
2.94462004603 -3.16934874221 1
-0.939520710968 2.89817566879 0
1.39029020803 -1.43957233221 1
1.50783945703 -0.191140779206 0
2.31559674703 -1.79164448021 1
2.65487762903 -2.18489393621 1
-3.16335742597 1.78496067079 1
2.68162921403 -4.35919021321 1
2.56590910903 -3.76797180521 1
3.60320424803 2.03749022279 0
-3.21410885997 1.46766894779 1
3.72459643403 -3.71346231321 1
3.23863626003 -4.00552827921 1
0.0503036240319 -0.0861314912058 1
0.478093495032 1.78267188679 0
-3.94447764897 3.96350438679 1
-1.58506437897 2.66251705179 0
2.96102800403 -2.93617947521 1
-2.35308182697 1.03855423879 1
2.47111812903 -2.79024485921 1
1.78905677003 0.353093305794 0
-0.0738344729681 0.816138577794 0
0.670623062032 0.541478395794 0
2.51854453303 -2.10717527221 1
-2.96340260197 0.962422436794 1
2.89589777203 -4.18640211721 1
-3.87106751497 2.92388301279 1
1.53575777903 -1.39779834721 1
1.83558181703 -2.20378593121 1
-3.05827245297 3.64680397379 0
6.06989793403 -0.348776633206 0
-1.40182062197 1.73143111079 1
2.09673030903 -2.79276011621 1
-1.59626854397 2.32973359579 0
-3.07596981397 1.88071901879 1
1.89018597503 -3.64780308321 1
1.71510598203 -0.452625766206 0
1.56107573603 -1.93213415321 1
-1.00889695297 1.09269659079 1
1.05249920203 0.457718354794 0
-1.93432581997 2.63299122379 0
-1.58126557397 1.40117803979 1
1.12612955203 -1.09408384121 1
0.291343872032 -0.190831248206 1
-0.975090394968 2.48224238179 0
-0.0372738889681 -0.518568955206 1
0.329261692032 1.47890000879 0
2.47029127603 -3.81228293821 1
-0.794835839968 1.30834979379 1
2.05626464203 -1.54088383021 1
-3.97296398697 3.80880164079 1
-3.83655833497 3.57343534779 1
-3.56103854497 1.51249967879 1
-3.59824476797 5.43447891679 0
2.00286226503 -2.98904478521 1
2.15577732403 -0.262477388206 0
1.51026582003 -1.14274606521 1
-3.80365854997 3.66566160979 1
-3.66472310997 2.02678812079 1
3.81428977903 -4.24788265421 1
-9.55272093397 2.34230734379 1
3.10506541303 -4.35933633321 1
2.63070780803 -4.56208957921 1
3.78625787603 -3.74789354621 1
-0.0402915259681 -0.498997056206 1
3.08150689203 -2.92569425821 1
-3.01404505697 1.31086440379 1
-0.376756568968 2.12949278479 0
-0.462248332968 2.75320577079 0
-0.649736050968 1.44472440279 0
-2.41896489597 1.62207812379 1
1.18964225703 -0.953758768206 1
-3.21987284297 1.86309870979 1
2.68780964803 -3.75903090621 1
3.60922616103 -4.26092964621 1
2.99210366103 -2.23605324921 0
0.706371771032 0.974716112794 0
3.53642455203 -3.88870477621 1
-2.44885764697 2.23700571079 1
3.79302413403 -2.57525143721 0
2.03686469703 -0.555087110206 0
-3.80328252597 2.54253431179 1
-1.31792432597 0.906970262794 1
-3.37227217297 1.53582596779 1
-3.14134718797 3.69652830279 0
8.78864806903 0.613167325794 0
2.26682284803 -3.54960468321 1
-0.335618736968 2.62173972279 0
1.44358247603 -1.98836423321 1
1.58265525403 -2.40980654421 1
1.60063427203 -1.45963317621 1
3.74391086703 -4.34294594721 1
1.92270690603 -2.55771972921 1
6.96043819303 -0.128356382206 0
2.65214631303 -3.74772422821 1
1.13721211803 -0.883506153206 1
-0.637562093968 0.758209644794 1
-0.794844611968 1.04987566379 1
-3.04786022297 1.19561527579 1
-3.16867164297 1.66026175579 1
3.64718005703 -3.65628472721 1
0.978949215032 -0.827880453206 1
-2.06675603397 2.94411325079 0
-2.16666085197 0.987444342794 1
-3.32869608397 3.19993096779 1
0.259366858032 2.02460005979 0
-3.55055179997 3.44313013879 1
3.23552498103 -2.14226170721 0
0.426069169032 -0.656524386206 1
-2.28163248597 1.26838463979 1
3.81631618203 -2.99873053921 0
3.18248999303 -0.505043137206 0
-0.640355713968 2.48908109679 0
1.42453111803 -1.41232667021 1
2.05937796203 -2.54378680721 1
7.53185804603 0.367049619794 0
-3.97973101097 3.25279872879 1
-3.79379894297 3.28701581179 1
-0.220772459968 0.360249276794 1
-0.959683589968 0.994043073794 1
-2.14235240397 1.42002740279 1
-2.02502428097 1.28011576779 1
-3.65098079697 4.48773901779 0
-0.190562867968 0.160759854794 1
2.27462766803 -4.22431808121 1
-2.10183427497 1.53884725879 1
4.04659257603 -3.04807173221 0
0.744095553032 1.27263258479 0
-2.78543354397 1.40165899579 1
9.20807789803 -0.899366745206 0
-3.80148975297 2.34426736479 1
-0.535472929968 0.837430687794 1
-3.57612556397 1.73027049679 1
1.18960075403 -0.815913267206 1
0.464208304032 -1.02187427821 1
6.77286253403 -2.54314538921 0
-3.63832596697 3.09453687579 1
3.55179182303 -3.93792855221 1
-3.07395147097 1.91513083679 1
-3.23337864597 1.28377084679 1
-3.04345153197 0.869320186794 1
0.132195976032 0.119397449794 1
6.17578735903 -0.603615453206 0
2.57390768603 -2.83878750521 1
3.52200753603 -3.23219549721 1
9.90857116803 -1.60338919521 0
-5.86028386097 -0.189024222206 1
0.742533224032 0.966536562794 0
4.04432083903 -4.29956882421 1
-2.49836788197 3.02200892479 1
-3.18118092797 2.15586654479 1
-1.49343571897 2.76420980379 0
0.838118459032 0.802530206794 0
2.66103599703 -3.01909919721 1
2.09512066603 -3.06222147821 1
0.907629856032 -1.14929602121 1
-8.63509142197 3.44497215479 1
1.10841676503 -0.750267163206 1
-3.13613336497 1.66685894779 1
-0.623577098968 0.534901555794 1
3.79035920503 -4.11776233221 1
3.70664548203 -0.312266092206 0
2.61754807703 -4.04510787221 1
-0.677014681968 1.99348690479 0
-2.63567218897 1.37702802179 1
0.934770758032 -1.10017156121 1
0.337719946032 -0.523504463206 1
0.915710331032 2.80936122379 0
-1.13830431497 1.14997975279 1
-3.90092985297 4.12979396779 1
-7.55744768897 3.87608789879 1
-3.07844378497 1.24090765879 1
2.61403272403 -3.79479566721 1
0.952829343032 -0.813168222206 1
-7.75519013597 4.12281066779 1
-2.26297882497 1.42411268479 1
2.00693273503 -3.74441186921 1
-3.01008432097 0.939211389794 1
-1.01323349497 1.42562670979 1
0.0968181100319 -0.744490011206 1
0.887071102032 -0.924623398206 1
3.96690974103 -4.09323615321 1
6.42327942803 -1.43410588421 0
-0.667626366968 0.484081368794 1
-0.523523631968 0.206373501794 1
3.62659034303 -3.08433631121 1
3.41082607103 -2.48715410021 0
-3.51942333497 4.11357734079 0
1.49199592103 -1.71195909521 1
-3.22586470497 2.11120573679 1
1.89182408503 -3.48342229421 1
2.34149268603 -1.08696775421 0
-0.995649717968 0.762391185794 1
1.62400745703 -0.0176155952058 0
2.36566154803 -3.68903391921 1
2.44553480503 -3.71678407921 1
2.07257470603 -3.48787974421 1
-3.80180485597 3.39120352079 1
-3.78938633997 2.14606761579 1
-3.11087072297 2.01164705379 1
3.44958698303 -3.78197325921 1
8.43000912003 -2.23114903521 0
-4.73825590297 1.39427608079 1
1.05096032403 -1.51583313621 1
-2.22759093397 1.32262827179 1
1.82278087503 -1.68883899021 1
-2.58276960397 1.67569192479 1
-0.301322717968 0.742845652794 1
-0.328295796968 2.59645497879 0
-2.75493709997 0.782369563794 1
1.06165329203 -0.798036498206 1
-1.38230667297 0.886943061794 1
-3.70088674397 2.84984597579 1
-0.830046735968 0.858747964794 1
0.262406750032 -0.266267745206 1
-0.773222012968 0.915196039794 1
1.40930750203 -0.122732927206 0
2.95683176703 -0.120196575206 0
0.892120443032 -0.678758274206 1
2.08837057903 -3.67827691521 1
-3.90153867397 3.98329377179 1
0.380867081032 -0.0936725172057 1
3.42512397103 -3.79471365921 1
-7.80953874697 3.30871689679 1
3.82354307003 -4.09597432121 1
-3.72349758097 3.09741733279 1
-3.92940083797 4.08186767979 1
2.04907213503 -1.52280506821 1
2.15490605803 -0.110060999206 0
-3.55222660297 2.08087886379 1
-2.65677837397 1.16717544879 1
4.13677028203 -2.55991292521 0
-3.81442687397 4.72333629579 0
-1.56733486597 1.24937443979 1
-0.474989851968 0.280240231794 1
-1.52371484897 1.30118936579 1
0.204284332032 2.83967924279 0
-0.320622480968 0.375246519794 1
-1.49359595197 2.82149549879 0
1.49688582003 -1.29235409221 1
