-3.87362116937 4.62997168654 2.53880638002 1
2.55983784863 -1.74566006746 -1.77390389398 1
-0.48549601137 -0.299396789463 -1.07711777098 1
8.77444486463 2.72226402754 5.60142892602 1
-0.75330410537 1.87120854454 1.14015172202 1
3.98341035663 0.664827296538 -0.62324130298 1
2.21456777763 -5.31519348846 -3.85085060998 0
-4.19816092037 1.90247235254 -2.12745462498 1
-4.82353414737 4.29922202954 -0.54520215798 1
-5.43346505237 4.01237897554 -0.75501222298 1
0.56068237963 3.58781834154 3.41486944202 1
-0.68209172837 3.04942415854 2.05792146202 1
1.40745707463 -3.85064904446 -0.45187121298 0
1.87338073863 2.15923928154 2.49790790702 1
1.52846409963 -0.734278976463 -1.89299565398 1
5.71258576163 0.685334393537 0.97446208302 1
-1.65818715137 -0.799434735462 -2.46898737398 1
-1.61672913537 2.31964955854 1.36115974702 1
-2.30973887337 0.964939754537 2.10165700302 0
0.14122805463 1.24283932954 5.25986274402 0
-4.13612221137 0.218346750538 -3.66139823198 1
-1.13592245937 -1.64476132946 -4.19252426698 1
4.49445681063 0.592291341537 0.20909075402 1
6.63057790063 -1.58294946846 -0.0302852659802 1
0.30685877063 -5.43414335046 -3.07838175798 0
-1.89403189737 1.98648639054 0.15543028802 1
4.25445291263 0.587765156537 0.0948857960198 1
-0.38822242237 0.858113087538 4.54168139802 0
-2.28361121937 1.14253859454 -0.52192883498 1
-5.98354683337 1.08275560454 -0.16956227098 0
-2.23609501837 1.63053793954 2.88100090602 0
4.62020943563 0.738137703538 0.58844396102 1
2.01057122163 -0.576288235462 3.97556253602 0
0.80989338263 -0.535742186462 4.67772549102 0
-5.39508052637 -0.901338812463 0.47532133802 0
2.82912986763 -0.799546194463 4.47932469302 0
5.80117374463 1.10674380654 1.94054518102 1
5.91468948563 1.41037726854 1.63972523502 1
-4.05421889937 1.16530444254 6.81301194902 0
3.09924624463 -1.14611179846 -9.12172853898 1
-0.38124030137 0.489543796538 -0.61025625098 1
-1.17318714737 -0.187842809462 -2.31454372398 1
-1.39927250637 -3.82051175546 -1.08722477798 0
0.41987927763 -1.15146434246 -2.81328551698 1
11.3000362226 0.773141122537 0.30159097402 1
-2.66774015237 0.0368530355374 -2.68993026798 1
-1.79231594437 1.49430089954 -0.24402216298 1
0.38592931663 -1.20212781646 2.55611623102 0
-7.34111687837 -7.09295677046 -0.13011725398 0
-2.65880987037 3.65693521154 0.33347588202 1
2.47959972363 -0.669261563463 -2.76235878198 1
0.24442126863 3.98401955054 3.53856357702 1
2.98807913863 3.12343581754 9.07610307002 0
4.04998634163 1.58675280154 1.96333025202 1
0.92143441663 1.19361741154 0.52041586302 1
-2.77294229937 -1.08579152646 -3.70196571798 1
2.32447936563 -0.0638598944626 -2.32594372298 1
-3.23421389537 -3.26673876646 -1.35733650698 0
2.26054807763 -5.64933070646 -3.72405828198 0
-2.17489683437 2.05231593154 5.75409032602 0
1.57781929763 1.96428034154 2.12091828702 1
-1.09807232637 -1.77819586146 -4.24956028698 1
1.33780812463 1.27267083954 1.14300716602 1
4.66029425563 0.477033854537 0.60882453902 1
-1.31817575937 0.825801502538 3.21220579202 0
10.7046631586 -0.592165486462 0.29165228402 1
-5.12200174637 4.09537478554 0.17028703802 1
1.50455636263 -1.83692091346 -4.52065284298 1
-3.35323338037 -0.480570663462 -3.81205864298 1
-0.79416783337 0.895624090537 -0.42396139298 1
4.33694184463 0.682647261537 -0.16804848598 1
4.12784229663 -3.41844585546 0.0596359370197 0
0.96505234763 -5.42809888346 -2.89921425998 0
-3.12370045537 -3.01802381646 -1.17331948498 0
-3.99146845837 -2.53464571746 -2.21758242098 0
-1.56779011737 0.914338896538 2.79334083602 0
4.54477260063 -5.17342142246 -0.96491650098 0
5.17544192963 0.864222237537 1.23365255402 1
0.49402944963 -0.408688018462 -0.65008922898 1
-3.58795957437 4.81707147654 0.78668350402 1
-2.92703913537 0.810485022537 -1.09055571898 1
0.0756131946304 -0.873276239462 -2.78531972898 1
-6.66566920337 2.78026615454 -2.11640829798 1
-1.23850380937 2.74501604354 1.51204817702 1
-1.45685427237 0.397814041537 -2.10518978498 1
-1.55571559437 3.53116421254 9.53204935902 0
-1.51433821937 2.84399142954 1.82088554702 1
2.00052742463 1.89249742454 2.96898768202 1
-4.14005093037 -1.54113186546 -1.33942755998 0
-10.5701664824 -3.91025283746 -2.29902083598 0
0.0769045336303 -4.53774038246 -1.18731463598 0
-4.35806051437 4.31646411754 1.35834131302 1
-4.50976505237 4.03479613454 0.56484685902 1
2.50124270063 -2.38974969446 2.07882923502 0
3.34508168263 -0.953391065462 -2.23617855198 1
2.09608784363 0.380821216537 -0.83809991798 1
-5.75002564337 3.54161498554 -1.36540797298 1
1.94844728863 0.803684666537 0.90800295202 1
1.24357717863 -1.51122393046 -5.03368262598 1
0.55432534263 0.569551073537 4.75461586802 0
6.27728277563 -0.639123065463 1.29067165902 1
6.12963335563 -1.43134944146 0.70614582302 1
-1.30972362437 -4.62526889146 -2.01578857098 0
0.18464120563 0.359435534538 -0.25676868798 1
-6.02110839237 3.45348848154 -2.19939619398 1
-1.32832845937 1.96056136954 4.42514366102 0
-3.46188184437 1.32804377354 -1.46879258798 1
-8.15700658337 -5.24462505146 0.59685993202 0
-4.98392290137 -1.01587899746 -1.43456847598 0
8.57536027963 -5.84160363446 -3.43653204198 0
1.57772158263 3.13756105954 3.59449251002 1
-4.55608096837 3.52299715954 -0.67175064498 1
5.43742771063 -0.814353715463 0.0839261390198 1
-3.58104860437 -0.444854497463 -3.52451908298 1
3.51296920263 -4.00738953146 -0.60956923998 0
2.05222522263 -2.60744774046 2.89598966702 0
-0.56146164737 -4.81879419146 -2.24968393198 0
-1.30091211237 5.12725681154 3.26889825902 1
-4.20305926937 0.550683334537 1.43893360702 0
0.55406660363 -1.12836007446 -3.31223808098 1
-5.49257440537 3.54883879854 -0.68163399298 1
2.61130862763 1.11997704654 2.31630046102 1
1.16720709663 1.74843770054 1.58247133502 1
-10.1157868394 -0.0720796904625 0.23292999902 0
1.07759784363 0.373771373537 -0.47482533098 1
-1.15810491037 -2.56538192846 0.78799503102 0
0.61006049663 -1.28851817546 2.70053149602 0
-5.98433762737 3.46731351554 2.26490590202 1
-2.05299240137 -0.135666621463 2.07834030902 0
3.15212850863 0.126447929537 -0.34163132398 1
-11.1660399514 -1.82382642546 0.21757538702 0
0.79079107663 0.659695264538 0.36409018402 1
7.96838247663 -2.28558742346 3.46066253902 0
2.82929636763 -0.00406080546247 -0.55050106398 1
4.97861515963 0.783141840537 6.67244800402 0
-4.73425270637 0.379694134538 1.31432690702 0
2.79529570463 0.743088737538 1.57787045402 1
-3.16084788937 3.16508047454 -0.19647991998 1
-3.27467017337 3.29096391954 -0.11388545398 1
-8.97623143837 -4.67267738446 0.0214516680198 0
1.38074820663 -0.986813190462 -2.59655447898 1
-2.58255394937 0.507059100538 1.28835203402 0
0.20619000063 1.90461133854 0.79753647502 1
2.02083032663 2.64405704854 2.96399441302 1
0.24002755263 -1.59295452846 -4.82804724498 1
6.08215314363 -2.19743726246 2.94032209702 0
-5.86529301437 -0.235958608463 -1.70908338198 0
-4.25999416137 4.63576915054 0.16198221602 1
-4.50311382137 2.63830557254 -1.71163594798 1
-0.12035892537 -4.51067481946 -1.02919295198 0
-2.34588343537 0.457971988537 -1.77849335398 1
4.19997926663 0.901091262538 0.45663058302 1
5.44292450063 -5.83140978446 0.0515042450198 0
1.20744092863 -0.102752078462 0.18075679102 1
-4.14966044437 1.74303697254 -2.28178367798 1
1.37193236763 -3.40058674846 0.87560629102 0
12.8382760006 1.09380086054 2.66114734802 1
-4.45663815237 4.33478188654 1.60345894102 1
-0.92084898037 2.10704088454 1.44903179302 1
4.34997944963 -2.57894161246 2.73391706802 0
-2.66372713237 0.584736373537 -2.46812032798 1
1.61827124163 1.60809990454 2.01983156402 1
6.51662332163 -2.44790393446 5.69125061502 0
-5.64656316437 -2.97559378446 7.02417432602 0
2.89765449263 0.00746382453747 -1.15929049598 1
-2.70754353337 -2.14522567546 -0.0106199879802 0
-4.55848890937 3.08990079954 -1.93606139198 1
-5.88012534937 2.94689947954 -2.32738002898 1
-1.01280281837 0.484796301537 -1.37335245698 1
2.67159403363 -0.652658025463 2.09570467802 0
2.61612688463 -5.08591895546 -2.30154427198 0
2.58064309963 0.0380038345374 -1.66506559698 1
3.60987435463 -2.00081915146 2.66145843702 0
4.74889229263 -0.793753165462 -1.14174107698 1
-0.33373274837 1.54778163954 1.28271129002 1
-4.78186414937 -2.06945267846 -2.17034105998 0
2.96433212463 -6.64575339446 -3.27043484698 0
-5.83991489537 3.31537138154 -1.35527602698 1
9.34849211663 -1.63713212246 -2.29276768898 1
1.81273226963 -2.71328994046 1.69646590502 0
-4.96832133237 3.10052437254 -2.38738485798 1
6.24671013663 1.52597590954 2.04831828302 1
-3.31052378637 -1.26423847846 -0.31669964498 0
1.32769969263 -1.01734618046 -3.87417183198 1
0.64006224263 -2.92530097246 -6.02555508898 1
-3.03927152837 1.21948537054 -0.97718269398 1
3.14539745163 -2.47712370546 2.85560944502 0
1.47871422163 -4.55315875446 -2.67965647998 0
1.37100228063 2.94401547954 -1.80261875198 1
-2.80930344137 4.06708549854 0.62638754902 1
2.24090751063 0.723865014538 1.95486803402 1
4.30900470763 1.76318718654 3.86260580402 1
-3.38187465737 3.74453421954 -0.11475429998 1
-1.88210191237 2.54532910354 0.50875466802 1
0.37182213263 2.63716635054 2.93026659702 1
-1.89263020837 2.59992730754 3.65243574702 1
0.46355161963 -1.12618524646 -2.43965049898 1
-3.80567470237 -3.34944701246 -1.89099522598 0
1.11515262063 2.97319480554 3.18560945102 1
-2.57060571037 4.14997698054 0.82128762502 1
-6.94340162737 2.57556121654 -3.18375971398 1
2.72798170163 -0.0637185884625 -1.42491521598 1
1.58133441263 1.02715033854 1.44687101202 1
1.72027584163 -1.25684632446 -3.07186568998 1
-4.55847526937 1.78943850854 -2.49865979898 1
-4.96317687437 3.68048223554 -1.56250493598 1
4.41926648563 1.26093046554 1.66236423002 1
1.86804536663 -1.97161024846 -4.50176861598 1
1.86442417363 -1.83087277146 3.68379456002 0
-5.31237315237 -0.738815978463 0.18966005702 0
-2.11775498337 2.36986092654 0.38488750802 1
-5.90356714437 -0.316748882463 -1.37137376898 0
7.53373040263 -1.96118808646 -1.42212412998 1
0.70837219163 -0.515676350463 4.72026133802 0
0.11786481863 -0.729024774462 -1.46783444598 1
0.22476936863 3.24817478354 7.65346437202 0
-2.76770207537 5.27303572654 2.55928927502 1
5.69602647363 -3.48784062846 1.54283658002 0
-5.75721278337 -0.00866342246252 -1.23979319398 0
-5.72292241937 2.94041972854 -1.17503866798 1
9.48211818763 0.0568261685374 -0.85303872698 1
-2.45274779937 2.13320535454 -0.00313142998024 1
8.84711115263 -0.822064236463 -1.70694643398 1
0.92666207063 3.61902221154 4.12349018202 1
8.96154585163 -5.39265294846 -2.63916428298 0
-2.26869006937 4.01444716654 1.34547435402 1
-2.83481352637 0.759837509538 6.02770949202 0
-2.79279999137 3.24433935454 0.26307774002 1
-5.36735873637 -1.12026308046 -2.15714871098 0
2.83314109963 -2.21353051846 3.22214458902 0
-2.07894762137 2.24985836954 3.00266389002 1
0.55543109863 -0.728753876463 -0.89649155898 1
1.49088638363 -0.327725041462 -8.91086068998 1
-2.32681792237 0.121709921537 -1.77007563498 1
1.88559014263 -5.47034760746 -3.54928510798 0
5.64183948563 -1.11539591046 0.46100748202 1
-0.61285662137 1.52919711254 0.29868432502 1
0.48506308163 -4.08628025646 -0.0681563659802 0
3.06108201463 -7.76351085946 -7.87458357398 0
-0.91662415837 2.70931300054 2.09989739202 1
0.16573288763 -4.88860112446 -2.57603693998 0
-5.60455389037 -2.09364474246 7.47793277402 0
-0.96364541137 -0.513563778463 2.13310308402 0
-2.78132234137 5.33528984054 3.68407779802 1
-6.00707242737 3.03512026454 -3.48549936598 1
3.14684049363 -1.46623688546 -3.28354294598 1
-4.82532546137 3.59266922054 -1.80268041198 1
0.25393712263 -0.224937673462 4.00660987402 0
0.47596693263 -1.41480637946 -4.65896432498 1
5.55922763363 0.455074502538 1.03093256102 1
-4.19990726137 4.47077198954 0.0310415400198 1
-0.24237222637 0.106744786537 6.06819367102 0
2.50705371663 -4.17008605246 -0.60359276898 0
4.71753209263 -2.20745344646 3.74792477002 0
5.24536820363 1.22356395054 1.26616086802 1
1.41048248863 -4.42772491846 -10.036080385 1
-2.80356601237 -0.102726382462 1.61299685002 0
10.0706824246 4.79856267554 -0.57640073998 1
-1.76784948137 0.575517190538 -1.87941770798 1
1.27083752763 0.611463112538 0.83097704002 1
-0.15682900637 -0.849160725463 -2.62948787898 1
4.11706539463 -1.23639227846 -9.97314524798 1
-1.90660017037 -0.651386965463 1.71221736002 0
4.24711205063 0.983544441537 1.01161328302 1
-0.27442852237 -0.981519183463 2.99930766302 0
3.35822366663 -1.81237391646 4.58340203302 0
-5.68026868537 -0.291890988462 -0.89974365298 0
-2.88319083837 -2.52814884446 -0.40443493598 0
1.06154062963 -5.30382411346 -2.01788665498 0
1.35306088363 -1.45296989646 -3.61334861698 1
2.33584597763 -4.20332116046 -2.35868460898 0
-2.04903940837 6.17832514454 3.39895393302 1
-3.77861214737 4.60874925154 0.51183299902 1
1.31343139063 -0.942111520463 -4.02620136698 1
-2.26794678937 0.442639518537 -2.43740511798 1
-0.70629910237 -4.24077334046 -1.82628242598 0
-2.31128412437 6.36191594654 3.57569974802 1
-3.29613658937 -0.273959780463 -3.48564030898 1
4.48694816863 1.59058523954 2.90427567902 1
5.59844718063 -3.47369077446 1.13588857602 0
3.12220402363 1.44879139454 3.01420288402 1
-0.51847589337 -3.15589482246 -0.15146183898 0
-4.27337454137 2.45414729454 -1.83109898598 1
9.01657932363 -2.12205422646 -2.51613110498 1
-0.0969840613697 -1.45951367446 -2.39713162798 1
-4.22135624337 3.36319391254 -0.76148077198 1
2.62247464163 -3.95972163846 -1.97255982898 0
5.72055855463 -1.27270536846 0.20403500502 1
-3.19204851037 2.85717836554 -0.39608550798 1
2.50667309763 -1.68729218246 3.82925709102 0
1.38237926963 -2.57920322046 1.83822336802 0
0.62234116663 -0.360319563463 -1.14460645698 1
0.63223955463 2.19494485754 1.38877607502 1
-0.20132092237 -5.53291772646 -2.08386367498 0
4.04710577963 -0.0178309914625 -0.45633072298 1
2.25330109363 0.616698583538 1.35080303202 1
4.87410335063 -0.384445864462 0.0334525880198 1
3.21963194063 0.396753861537 -0.32886936198 1
4.11731562363 -2.08945890846 -2.87701138998 1
-2.37444626537 4.01789369554 4.48070918702 1
2.34332286863 0.552985250538 -0.93857485298 1
-3.13672753037 0.0262422425375 -3.02372394498 1
-4.88925676637 -0.173318873463 0.29380133802 0
-1.12200683037 -0.826623784463 2.28473091402 0
1.76932016863 -1.60106677146 -4.05179651398 1
5.36036590663 0.758358525537 0.80991972602 1
6.92990906963 -2.67302007546 3.55173052702 0
2.95737403763 0.700338945538 0.24813885602 1
1.41248883763 -2.06047296546 -12.046426165 1
-4.42361578937 0.858230532538 -0.21312704298 1
0.77798822763 -1.25959353746 2.17861795602 0
-2.63791259937 -0.257702008463 1.38183398502 0
-5.54003319437 2.99541391154 -0.81838398198 1
0.16348492663 3.69278500054 3.22168361802 1
3.06123016163 -3.72307609246 0.10107478502 0
3.33753169763 1.65013170954 2.38535376002 1
-6.59234559437 2.25502836454 -3.05450770898 1
-2.54125323737 2.34148528154 2.79726263702 1
1.73983524463 -2.87757205946 -5.04433169598 1
-5.48648324537 -0.389897517462 -0.37202118898 0
1.10402709763 -4.37043571846 -0.15915956998 0
6.02440402763 1.70442563754 1.95906991302 1
4.63724500263 -1.75641293946 -1.73754579098 1
4.75826644263 -3.38767903246 0.72007125302 0
4.47642700863 -2.39399929646 3.00389843502 0
5.59737499063 -6.89915624946 -6.81735840598 0
-4.57139495637 1.32799474654 -2.91966391498 1
1.86640653363 -0.660852541463 -2.11832486798 1
-1.64501284837 5.05797384154 2.87753378302 1
2.72433269963 -0.727937369463 5.28344891002 0
-6.74795908737 -3.80265056646 2.50849105202 0
1.63626498163 -0.126447710462 -0.0134278629803 1
-4.91134541137 1.77382168854 -2.85819388098 1
-1.09852168037 -2.92848568046 -0.18327475698 0
-1.78165885537 1.00784543554 -0.0121084349802 1
-2.62573630437 5.66253170254 2.37429421202 1
-4.17310499637 4.26154495954 -0.30818615198 1
-0.0885105433696 1.18905735454 0.38073469202 1
1.09509255363 -0.325194287463 4.18187256502 0
4.52385378563 -1.38194119446 3.89874622302 0
3.75398143763 -2.29840266546 -2.88033335998 1
-1.80148240837 -1.34310619946 -3.98802976898 1
-7.94514105937 2.30294267154 0.95266605202 0
3.25303332163 1.32107462754 2.18229404002 1
-6.28316607537 -1.58537302646 -1.12747937898 0
-1.09602717937 -1.30127746546 -2.94960612698 1
-1.92031436537 -2.73830771446 -0.56320683398 0
2.30309996663 -0.146676982463 0.23029598702 1
11.0343514046 -1.22344511246 1.96966840002 1
-4.75674181237 -1.90865534346 5.51878494902 0
2.45922478863 0.0586086485375 -0.00485411198025 1
-1.22882975837 4.04118949054 2.19712710102 1
0.34870623763 -4.66660582546 -6.18947156698 1
-6.09085983737 3.13898055554 -3.06620410298 1
-0.47385173737 2.49004899154 1.24346540502 1
2.16610451263 -0.902690624462 -3.24726127398 1
-1.93073158837 5.99182785254 2.75241037602 1
2.72464180663 1.73879811854 2.72835297702 1
-3.91263053037 4.97530775554 1.13625820802 1
-4.27755813937 0.967740424538 0.19673642302 1
1.61735248563 0.530719922538 0.35134854302 1
4.46031025463 -0.850323363463 -1.05078495798 1
2.16463337463 -5.31939206846 -3.25591152298 0
-3.86326495937 -2.51226548446 -1.95243123298 0
-1.09172663637 -2.86682831946 -0.21805007998 0
1.62496448663 -2.56587319646 -5.34821106698 1
-4.58153632137 3.76141825454 -0.58722608198 1
4.86211230963 1.79408816754 2.27689537102 1
-4.83376319637 3.46799557554 -1.50773329898 1
3.40785131063 0.735075003538 -0.0359727349802 1
-0.14428933937 -5.47466624546 -2.45445973498 0
2.50636740263 -3.85566647546 -5.11418539198 1
-1.98971579537 -4.51993366046 -2.27482654898 0
-4.68341338837 3.73442730754 -0.15835840498 1
4.88275253663 -1.46330997646 -0.71879570698 1
1.17111838263 0.758052857537 0.22083410002 1
1.22924059463 -2.45174750346 2.04031631002 0
-1.63745498937 -1.11219623746 -2.70554268998 1
-2.78201882537 0.952189218537 1.63829162502 0
-1.09857479437 1.44129519054 -1.05394290398 1
1.69270629963 -0.361329039462 -0.23137292898 1
2.19370862663 -1.13095896446 -2.70391838898 1
-8.38391434937 -5.93167241246 -0.38540332298 0
-1.89228445337 6.05695809654 3.91302793202 1
1.90189117463 -1.26192253946 -4.26878223498 1
-1.89958566937 -2.05001196446 1.10812143702 0
-2.96860626237 -0.548090529462 -3.59770307898 1
-7.79446121837 2.22911335754 5.48129948502 0
0.11215603963 1.81587642254 0.59480237002 1
-2.35222249337 -3.64024627446 -2.01957808198 0
0.78615829463 3.40344572454 3.46366107602 1
-2.57018246637 2.97641739354 0.61770238302 1
-5.54975615437 3.41292400354 -0.10033102698 1
3.33571808863 1.50146112654 1.68390145002 1
0.90252173163 -0.180743373463 -1.28855324598 1
-2.00009958637 1.91770905554 3.26024844302 0
4.36787590463 -2.06790743446 -1.75060827498 1
1.10641003263 -5.26381666346 -3.85589247398 0
-2.26458405337 3.65499421154 0.73457952702 1
2.62278995863 1.94688762654 3.37530737002 1
