-4.527822452374782074e+02 -7.648603672972768663e+02 -2.367091093961436741e+02 -1.368139862532858388e+03 -2.198908636800397289e+03 -5.380167408372883529e+02
-4.522973474504398155e+02 -7.634245012669737207e+02 -2.310743232445248339e+02 -1.367839998449840778e+03 -2.199472263237149036e+03 -5.400643074543074817e+02
-4.541057633075761260e+02 -7.623891114083405682e+02 -2.360221888133989125e+02 -1.375420229530777988e+03 -2.196596333990991297e+03 -5.439112436664014467e+02
-4.517666973459034807e+02 -7.607441809314040029e+02 -2.361432585109185425e+02 -1.375614155336343856e+03 -2.195440403596295255e+03 -5.431059910382767839e+02
-4.471881223478701486e+02 -7.650109603776458016e+02 -2.316111217481985989e+02 -1.367024338234228026e+03 -2.198227855802493195e+03 -5.418870118818857691e+02
-4.550297444015458268e+02 -7.623880602952448271e+02 -2.366407663738120846e+02 -1.375198682451559762e+03 -2.196721822792500006e+03 -5.423953919021483898e+02
-4.494340621126760311e+02 -7.650027978658937400e+02 -2.312520544034043439e+02 -1.367844732153338555e+03 -2.198247477348772009e+03 -5.405190709410094314e+02
-4.489042284656177912e+02 -7.568515105165777186e+02 -2.337930792771171298e+02 -1.375390037117174643e+03 -2.201578768690597371e+03 -5.474789531417349053e+02
-4.534937085719398624e+02 -7.626625742224257465e+02 -2.371006729172136147e+02 -1.377038369636651169e+03 -2.195953823962149727e+03 -5.446166587867838871e+02
-4.512817337349101194e+02 -7.638372832611726153e+02 -2.371554009784397863e+02 -1.369117315077725607e+03 -2.200240220612787652e+03 -5.378237837027379555e+02
-4.539780410790044129e+02 -7.590986936657492379e+02 -2.355837127238221456e+02 -1.370090237200013235e+03 -2.203259990745369123e+03 -5.391739444317668131e+02
-4.508172127837439120e+02 -7.652360855965146129e+02 -2.289820280591922881e+02 -1.367424690506113166e+03 -2.198925885923087662e+03 -5.420083869071066829e+02
-4.558188721171211455e+02 -7.602794434187809429e+02 -2.352233427592255168e+02 -1.370519552070438749e+03 -2.204438162110060148e+03 -5.406706628420627112e+02
-4.535500761441995792e+02 -7.594203790608064537e+02 -2.356804947101080927e+02 -1.369302412408605960e+03 -2.204588120581164731e+03 -5.392854417682410713e+02
-4.528565503222590678e+02 -7.613935571928628860e+02 -2.369644110664418974e+02 -1.374495264238287973e+03 -2.197958807418522611e+03 -5.445007813055011638e+02
-4.533718461987125465e+02 -7.601025368572891239e+02 -2.369145795316680960e+02 -1.369493783939386958e+03 -2.204949079258328311e+03 -5.395956097481687266e+02
-4.523030171903075143e+02 -7.659464103528412124e+02 -2.359936116416442076e+02 -1.367627219543547653e+03 -2.200251663296254719e+03 -5.391023954948117307e+02
-4.547872907082553411e+02 -7.605874971036967054e+02 -2.363303041654012873e+02 -1.368706951746466530e+03 -2.202627124618276866e+03 -5.386421624084910036e+02
-4.539789491155665928e+02 -7.666804361991108863e+02 -2.388553022221334743e+02 -1.369522784606265986e+03 -2.203592392782494244e+03 -5.422612286628808533e+02
-4.426442986275607723e+02 -7.655479793877425436e+02 -2.402409022710225486e+02 -1.377826750196176818e+03 -2.185687358588274037e+03 -5.279300586996276934e+02
-4.530453395635169045e+02 -7.605193330563683958e+02 -2.367881326508205291e+02 -1.375038472789355637e+03 -2.196332771689294077e+03 -5.444129885874456249e+02
-4.539197194406069116e+02 -7.642857027454289209e+02 -2.376278740195566570e+02 -1.369925893529382392e+03 -2.199674291840451588e+03 -5.397466436231551370e+02
-4.534346249295664393e+02 -7.602554099103994076e+02 -2.365229709774718003e+02 -1.370833883930529737e+03 -2.203940538832569018e+03 -5.409030588110796316e+02
-4.529957314923506715e+02 -7.662208842405575524e+02 -2.356317670822215007e+02 -1.368536738808012387e+03 -2.200228786945314368e+03 -5.388550168574878398e+02
-4.448812619794464922e+02 -7.584325449099749221e+02 -2.314571288149596739e+02 -1.374409909337951603e+03 -2.202119956683663986e+03 -5.448284536917657306e+02
-4.518414028355904861e+02 -7.652087601071866629e+02 -2.386965072032986654e+02 -1.368894713389778190e+03 -2.203362542021582158e+03 -5.431759512422577245e+02
-4.525655857055753586e+02 -7.668016410383104358e+02 -2.387886071784796513e+02 -1.369657046827633394e+03 -2.202018345974555814e+03 -5.439543901325803290e+02
-4.534881053981466721e+02 -7.605221558503199049e+02 -2.352143383935929819e+02 -1.370507354833007867e+03 -2.201834405254800458e+03 -5.388174586360377134e+02
-4.523095334390671383e+02 -7.612867681277900829e+02 -2.368196832989418112e+02 -1.377188281683347441e+03 -2.195335031734361110e+03 -5.440580183759001329e+02
-4.533066031027832423e+02 -7.595016397809959017e+02 -2.355139007103327913e+02 -1.370369415988168157e+03 -2.203107357989335924e+03 -5.401230227532693107e+02
-4.550506985510407958e+02 -7.604950536558345675e+02 -2.375573503944250717e+02 -1.370968530380684797e+03 -2.202883560103050058e+03 -5.402743630744213306e+02
-4.516985029826037703e+02 -7.638395837107178750e+02 -2.311928163459612051e+02 -1.368284962563883937e+03 -2.198403764394128757e+03 -5.402818053314180133e+02
-4.543613082705500119e+02 -7.657937647420776557e+02 -2.385914688068262421e+02 -1.369672350515874541e+03 -2.204394795515017904e+03 -5.439908096649900244e+02
-4.530646456634603396e+02 -7.650370529737210745e+02 -2.282727025862959067e+02 -1.368013527796306789e+03 -2.197178421788605647e+03 -5.423740007800248577e+02
-4.538158897966680456e+02 -7.595735540101571814e+02 -2.357551880246246299e+02 -1.369480804391781248e+03 -2.203634461734588058e+03 -5.403524394219551823e+02
-4.538204820895913372e+02 -7.613944910975721996e+02 -2.363761157264364954e+02 -1.377248604332069135e+03 -2.196667908622180221e+03 -5.446434212991679260e+02
-4.536802167436453601e+02 -7.585890428700147368e+02 -2.351472224470865342e+02 -1.369582226217001335e+03 -2.202858187307649132e+03 -5.385232953010182655e+02
-4.524937591838411208e+02 -7.662926425207200509e+02 -2.381998445800167872e+02 -1.369681687228361852e+03 -2.201624718994216437e+03 -5.432577521866721781e+02
-4.525882983210028101e+02 -7.604145767601258967e+02 -2.359314868769174325e+02 -1.376819981671116238e+03 -2.195291839182167678e+03 -5.443303323395856523e+02
-4.546833769463539738e+02 -7.602387431407059921e+02 -2.368584763472821066e+02 -1.370702714201845765e+03 -2.202930772006563984e+03 -5.405913186372483779e+02
-4.458827122164873344e+02 -7.644750070274382097e+02 -2.336718816186317440e+02 -1.366951351665873744e+03 -2.199939673670020966e+03 -5.436362976780021654e+02
-4.520294058547476084e+02 -7.654117796882388802e+02 -2.370787501346950137e+02 -1.370654718411115482e+03 -2.203853780585714048e+03 -5.437437670128806531e+02
-4.465181854304130979e+02 -7.648035243337035354e+02 -2.311109120479043497e+02 -1.367196136892395771e+03 -2.199266158662969247e+03 -5.417756951003235599e+02
-4.526511542348785611e+02 -7.658068799368986674e+02 -2.383907673251208053e+02 -1.368773111348874181e+03 -2.201309519400424961e+03 -5.396557796807854857e+02
-4.516259903952341688e+02 -7.652776824053705695e+02 -2.323206634490561555e+02 -1.367386791383200716e+03 -2.197920197298678886e+03 -5.428820066214052531e+02
-4.527305574352041617e+02 -7.674439275514827159e+02 -2.370821166748450821e+02 -1.369138392339006714e+03 -2.202466094571963822e+03 -5.430720020235240781e+02
-4.519569178620294565e+02 -7.640950938456669519e+02 -2.361703721367189246e+02 -1.367690820831374367e+03 -2.201146013522337398e+03 -5.379787090030157515e+02
-4.545897963551793168e+02 -7.591781657071857126e+02 -2.354562037340446352e+02 -1.369605413816353803e+03 -2.204735374041110845e+03 -5.388173872875744337e+02
-4.463978479454390254e+02 -7.633521481942685796e+02 -2.316042357491726307e+02 -1.367700401344100783e+03 -2.201132154459848607e+03 -5.411824049041399576e+02
-4.547824409345595313e+02 -7.586456590031816631e+02 -2.358917450837487024e+02 -1.370497291821429826e+03 -2.201910281967283481e+03 -5.405197397766345375e+02
-4.481922452003506123e+02 -7.586570114249819881e+02 -2.351704765078224568e+02 -1.374228479782315389e+03 -2.199122816066916130e+03 -5.489841725057661961e+02
-4.514133747631080951e+02 -7.640621214732785802e+02 -2.375530346116598253e+02 -1.370161010183233429e+03 -2.201220053960286805e+03 -5.389845691130694831e+02
-4.469950014919567707e+02 -7.638724344913621280e+02 -2.313242931414431212e+02 -1.368438568345451131e+03 -2.198514129678264453e+03 -5.414794100165739792e+02
-4.456847444822691955e+02 -7.644478191818158166e+02 -2.323524340329350650e+02 -1.369301589088224773e+03 -2.199752922798690179e+03 -5.425963588969268585e+02
-4.520162679490866253e+02 -7.663170514554515194e+02 -2.394580303663871064e+02 -1.368628002794403073e+03 -2.202945901569478337e+03 -5.433638243118165292e+02
-4.468604322028111824e+02 -7.640533806680977023e+02 -2.328474026364304734e+02 -1.366697536630654213e+03 -2.197731010528093066e+03 -5.423848834962653882e+02
-4.533278797369034692e+02 -7.602346367896467427e+02 -2.349021445783599518e+02 -1.377189374063909327e+03 -2.196443761004854878e+03 -5.439683948313136170e+02
-4.540508712574389847e+02 -7.649553307232934003e+02 -2.365101900736071059e+02 -1.369108217848278173e+03 -2.200424732290149677e+03 -5.384854923660700479e+02
-4.526417142377269442e+02 -7.663907894172949682e+02 -2.374916449315694535e+02 -1.368563640897995356e+03 -2.203333379204981156e+03 -5.422811329009630299e+02
-4.524193762012384354e+02 -7.656177644474749968e+02 -2.372826330492341924e+02 -1.368184022635708970e+03 -2.200249067564177039e+03 -5.366881189165117121e+02
-4.538616524388169751e+02 -7.596161145911104313e+02 -2.373668644493538693e+02 -1.370335853005282843e+03 -2.203266343098574907e+03 -5.400846602212781136e+02
-4.536384023942148929e+02 -7.651057169193987875e+02 -2.381165227185915398e+02 -1.370775821104422903e+03 -2.202191437160332498e+03 -5.431824138764725376e+02
-4.519504041372504162e+02 -7.645247988367427752e+02 -2.387845718164470838e+02 -1.368818947801061313e+03 -2.202308937112846706e+03 -5.431569716506065788e+02
-4.468248906197762267e+02 -7.451243905589066117e+02 -2.191150186211134780e+02 -1.375526428605826823e+03 -2.193576315783131122e+03 -5.274198741518331417e+02
-4.532690337905243041e+02 -7.665299326262276054e+02 -2.381568981197553683e+02 -1.368926944917190895e+03 -2.202884692551959688e+03 -5.417317390155056955e+02
-4.469360337140291790e+02 -7.627183507845840040e+02 -2.321397921697241316e+02 -1.366485382682372801e+03 -2.199739766026798407e+03 -5.416170858413075848e+02
-4.528475198676135847e+02 -7.628866983411588762e+02 -2.367975861392787351e+02 -1.368297485655095443e+03 -2.198965660034533357e+03 -5.399822974731823706e+02
-4.516193995283063032e+02 -7.652896086272199909e+02 -2.304460545896930057e+02 -1.368692969579396504e+03 -2.197686768857579864e+03 -5.413544965549166363e+02
-4.495206177044388482e+02 -7.643384010280447001e+02 -2.310731144726990749e+02 -1.368895263377275569e+03 -2.197798055825538995e+03 -5.418809349021294111e+02
-4.515607036658647644e+02 -7.644727781676951963e+02 -2.302858348857822648e+02 -1.367824390275845190e+03 -2.197105110556112777e+03 -5.412865679916853878e+02
-4.487691846610407538e+02 -7.588817281162897643e+02 -2.362298135456283319e+02 -1.373347261952206964e+03 -2.200315078413048013e+03 -5.467958137991060994e+02
-4.461527605973872141e+02 -7.644620814247628005e+02 -2.326907349970629468e+02 -1.368955774712559105e+03 -2.198748560531586918e+03 -5.424510639247637300e+02
-4.536973245750293131e+02 -7.645583643909452576e+02 -2.379191029964762265e+02 -1.369692962896066547e+03 -2.204337893938557954e+03 -5.430445203728642127e+02
-4.544355026294834943e+02 -7.616336590737562346e+02 -2.367827128721738177e+02 -1.376080002771533600e+03 -2.195023491218835716e+03 -5.448938848621512534e+02
-4.467836985513330319e+02 -7.638494342731627285e+02 -2.321049551975389136e+02 -1.369076688181956570e+03 -2.199809893124087012e+03 -5.432372715573357027e+02
-4.468828044739383358e+02 -7.639099622683298776e+02 -2.327889764753146835e+02 -1.367804685624522563e+03 -2.198333884819568993e+03 -5.412067891897594336e+02
-4.514620515537361030e+02 -7.656171758040637769e+02 -2.299885640514797842e+02 -1.367067762763564588e+03 -2.196548291309931756e+03 -5.417948378869507451e+02
-4.456813146878708380e+02 -7.598543826501399963e+02 -2.321044032354813567e+02 -1.373237755740905641e+03 -2.203271262895846576e+03 -5.434864124580237785e+02
-4.456726668392527699e+02 -7.629323444837333454e+02 -2.311401408559395350e+02 -1.369376942927229038e+03 -2.200371870552390192e+03 -5.424969773986268819e+02
-4.539412551989137228e+02 -7.616633590410485795e+02 -2.366468823751886532e+02 -1.375803102689669231e+03 -2.196742899668150130e+03 -5.438156590163092687e+02
-4.477662168904181499e+02 -7.579501879618380826e+02 -2.337793583274749949e+02 -1.373903613239862125e+03 -2.200263859834995401e+03 -5.470400928886602969e+02
-4.543086255229629842e+02 -7.589590571212546593e+02 -2.379784724043152266e+02 -1.369100566192787710e+03 -2.204780266011580352e+03 -5.394734738730896879e+02
-4.529109777115552333e+02 -7.599837528793314050e+02 -2.368500356635650803e+02 -1.375223194008905239e+03 -2.195207780165432723e+03 -5.434646245746498607e+02
-4.536736490398507726e+02 -7.590490246589851040e+02 -2.356714107452540645e+02 -1.370345447271626881e+03 -2.200619898120108246e+03 -5.395389548224914051e+02
-4.513557046748340440e+02 -7.646113034211015247e+02 -2.360039235193304705e+02 -1.369413412374557311e+03 -2.200844246380262121e+03 -5.396553476052356473e+02
-4.504082329621933809e+02 -7.578099040993884046e+02 -2.346184272941018207e+02 -1.373433153370751597e+03 -2.200154907653530699e+03 -5.476588455731737213e+02
-4.473963898426996479e+02 -7.649201382176700008e+02 -2.304975798072146063e+02 -1.367954215255113240e+03 -2.200017414455787275e+03 -5.435593914347061855e+02
-4.536500662319778598e+02 -7.622575793744445036e+02 -2.384239088123835870e+02 -1.376417446869980722e+03 -2.197203372584600856e+03 -5.443526985646444700e+02
-4.527515808239455737e+02 -7.639464792484570808e+02 -2.361269702880680939e+02 -1.368027599447484363e+03 -2.200813669105020381e+03 -5.383638039629597642e+02
-4.531049227159429051e+02 -7.620761690049040453e+02 -2.370713342948743900e+02 -1.377117444471286944e+03 -2.196364044815959460e+03 -5.437102982504186457e+02
-4.482325203186107387e+02 -7.584642058266142612e+02 -2.354308869089757081e+02 -1.374172064814079249e+03 -2.200699020018482315e+03 -5.483438889027867162e+02
-4.341273045228900855e+02 -7.489978721879866725e+02 -2.251885140641078067e+02 -1.367759077596063889e+03 -2.188594049168034417e+03 -5.370836506398784422e+02
-4.479042166902700046e+02 -7.632773607831236404e+02 -2.338333297008784939e+02 -1.368404641578666542e+03 -2.198758284327798719e+03 -5.412711535913878151e+02
-4.451726286310304772e+02 -7.586998248604259061e+02 -2.318638314107047336e+02 -1.373919226426863588e+03 -2.202476934858120330e+03 -5.423179824912560889e+02
-4.525732947762087974e+02 -7.650586001286246756e+02 -2.367615811980947456e+02 -1.367521694606341498e+03 -2.199736564222275319e+03 -5.389005329146247050e+02
-4.485101760039693204e+02 -7.575116277367928888e+02 -2.350041756480861750e+02 -1.373501503885129068e+03 -2.199549080927919931e+03 -5.481023872600524101e+02
-4.521196088715641963e+02 -7.660961638973936942e+02 -2.283032156359355440e+02 -1.367517599447704015e+03 -2.197071765467607747e+03 -5.416243937321739850e+02
-4.528417128417753474e+02 -7.607754185811018033e+02 -2.364411464712516704e+02 -1.376046510117001162e+03 -2.196599395318415191e+03 -5.454889901834752663e+02
-4.508791936843769008e+02 -7.568347423801311606e+02 -2.365253407825177305e+02 -1.371958884204748529e+03 -2.202062785504697331e+03 -5.492805265195605671e+02
-4.519265089100064188e+02 -7.645676499012779459e+02 -2.301201091534842362e+02 -1.366172148328081903e+03 -2.197211997333646650e+03 -5.414563385791944938e+02
-4.522653071866630512e+02 -7.618181225450614420e+02 -2.362661040588218668e+02 -1.376548577012687019e+03 -2.196526083432491305e+03 -5.443350668665628973e+02
-4.460583297724646741e+02 -7.652440475220606686e+02 -2.316326949232178833e+02 -1.367734720064173644e+03 -2.197676127762160831e+03 -5.428423225975202513e+02
-4.516747390556461141e+02 -7.650904150380952160e+02 -2.374511862727839286e+02 -1.369790532216293059e+03 -2.202527970510188879e+03 -5.421040113884395168e+02
-4.528538425269634899e+02 -7.611220859517995905e+02 -2.377914509995679850e+02 -1.376195030306426361e+03 -2.197556755274687021e+03 -5.456898827485002812e+02
-4.526208473839585622e+02 -7.639634858263552815e+02 -2.366921109150683833e+02 -1.368591033640956994e+03 -2.199440049115149577e+03 -5.372089355752710844e+02
-4.547704884674219556e+02 -7.606721180163895042e+02 -2.361128765928245912e+02 -1.377178205699693763e+03 -2.196739774766867413e+03 -5.418686599520623304e+02
-4.533998238162627672e+02 -7.620262594533655829e+02 -2.361457561801707357e+02 -1.377148964287707940e+03 -2.196432130211504500e+03 -5.430498970570278061e+02
-4.533050162280170525e+02 -7.613481269124578148e+02 -2.340105411407188569e+02 -1.370046946818612696e+03 -2.203956840923108302e+03 -5.394527326604576274e+02
-4.523218497307738630e+02 -7.608333646507613821e+02 -2.365552248941752680e+02 -1.377092333601566907e+03 -2.197997812456591873e+03 -5.425964703452430058e+02
-4.530061459933115771e+02 -7.605624460392880337e+02 -2.377903242401148418e+02 -1.375323066114593530e+03 -2.195041787960713009e+03 -5.448721810631049038e+02
-4.512564944974736818e+02 -7.647893888653808290e+02 -2.362373211868965655e+02 -1.367980819250431296e+03 -2.199715413734448703e+03 -5.384877701796496012e+02
-4.530077517776028344e+02 -7.607075165719298866e+02 -2.357745169483041821e+02 -1.374657825774719868e+03 -2.197535841731570599e+03 -5.450532394667802691e+02
-4.534637210092392934e+02 -7.608252957574675293e+02 -2.380789422710561212e+02 -1.375994501167062936e+03 -2.194762740248302634e+03 -5.459802950130210775e+02
-4.481351656487689752e+02 -7.652184590548622509e+02 -2.221016264611242264e+02 -1.356580760101721353e+03 -2.183419188501507051e+03 -5.267896981051684406e+02
-4.467576440987220394e+02 -7.636815570039641443e+02 -2.322903184694465324e+02 -1.366268991908738371e+03 -2.199805230988405583e+03 -5.429400566657292302e+02
-4.463694979369335556e+02 -7.622069505026953493e+02 -2.306305808957316117e+02 -1.368055321071789649e+03 -2.200626303309523792e+03 -5.424589535474794957e+02
-4.540544289455115177e+02 -7.578042844362024653e+02 -2.378612387667573955e+02 -1.370184050273742287e+03 -2.204333972603734765e+03 -5.413552399010807221e+02
-4.527550691540349703e+02 -7.645588708567262302e+02 -2.379258222463325865e+02 -1.367606133091237098e+03 -2.202630016618658374e+03 -5.431400425201869666e+02
-4.525282907706408082e+02 -7.653237339967763546e+02 -2.390901540092627329e+02 -1.369068120369342068e+03 -2.204847482776208381e+03 -5.427837862545396774e+02
-4.549377321943582615e+02 -7.627860951013666408e+02 -2.371877598729511760e+02 -1.375990399898517126e+03 -2.196599492190070123e+03 -5.433987379329643090e+02
-4.560092393899484478e+02 -7.605688386884056627e+02 -2.370088452938054218e+02 -1.370516122469100537e+03 -2.204236790527590983e+03 -5.395699908332773020e+02
-4.479090507663437393e+02 -7.641836177885959387e+02 -2.328149781591588123e+02 -1.367027721883243203e+03 -2.200331688089492218e+03 -5.414732606782541779e+02
-4.517419454029931671e+02 -7.642524112745385310e+02 -2.317823782608032843e+02 -1.366905754026746763e+03 -2.198650056765518002e+03 -5.423217248915545952e+02
-4.505191993299109186e+02 -7.629955534678445019e+02 -2.301938658353799099e+02 -1.367363431095784563e+03 -2.197040202807047081e+03 -5.425466265186369128e+02
-4.514836225610571887e+02 -7.639178288661838678e+02 -2.311447613191155313e+02 -1.366350196960844642e+03 -2.199116482621247542e+03 -5.415317860153281799e+02
-4.529477224574924890e+02 -7.624805218305496055e+02 -2.352781127848909364e+02 -1.377650980594815564e+03 -2.194913090472201475e+03 -5.442257919585388208e+02
-4.523629491634191027e+02 -7.640585579482493586e+02 -2.300695308163396078e+02 -1.368371409451060572e+03 -2.197555959687971153e+03 -5.411986571240470312e+02
-4.507301320538895197e+02 -7.646296292174797600e+02 -2.312571496788071386e+02 -1.368042831891106061e+03 -2.198384866983850770e+03 -5.399087880588915596e+02
-4.495259400002749430e+02 -7.576361782293897704e+02 -2.357448441616247692e+02 -1.374014020441865114e+03 -2.201012319016358106e+03 -5.473405406459579581e+02
-4.540619303648838923e+02 -7.621311840482270554e+02 -2.371994733444518602e+02 -1.375444926117022078e+03 -2.195604900189286582e+03 -5.423151941153753341e+02
-4.519145774254798198e+02 -7.630254188812795064e+02 -2.306478625214647593e+02 -1.366967693404927104e+03 -2.197490452069015191e+03 -5.416605520240210581e+02
-4.500653171319615353e+02 -7.636800830938859690e+02 -2.302425228313095431e+02 -1.368851112819661694e+03 -2.196953757910862350e+03 -5.416968328802764745e+02
-4.508147164670169786e+02 -7.642793183483827306e+02 -2.306315316741518018e+02 -1.367287105776885028e+03 -2.197189342846918407e+03 -5.426048063584509009e+02
-4.455261664775660506e+02 -7.628602267102024825e+02 -2.333598504824199722e+02 -1.368776041011453572e+03 -2.199717992703906020e+03 -5.423498069879632340e+02
-4.500511128612442917e+02 -7.567049750519918234e+02 -2.349764086613181746e+02 -1.374207038895847973e+03 -2.200605194433136603e+03 -5.488308261038743012e+02
-4.488738930877664757e+02 -7.567236421229524694e+02 -2.345006044855016398e+02 -1.373444130776422071e+03 -2.201130374610600484e+03 -5.483283206882186960e+02
-4.485354844845598450e+02 -7.577495126586120477e+02 -2.341428756820278352e+02 -1.372758660632101282e+03 -2.200174564120305604e+03 -5.473408233047496196e+02
-4.540462994614072727e+02 -7.642887249976917019e+02 -2.362161831475731333e+02 -1.367301194002147668e+03 -2.201314196728646039e+03 -5.401196017213012510e+02
-4.460840208382672358e+02 -7.653825588860576090e+02 -2.312018754976322157e+02 -1.368542008100446310e+03 -2.199525640120408752e+03 -5.427908090903625862e+02
-4.536859201581802381e+02 -7.629848427861171558e+02 -2.365675461108703246e+02 -1.375589936116943818e+03 -2.194911042928733877e+03 -5.444762518710389259e+02
-4.549570484729835016e+02 -7.598466498183090607e+02 -2.365902542793950545e+02 -1.369881290433280356e+03 -2.203235783795590123e+03 -5.398056846795644788e+02
-4.475805638417152181e+02 -7.639745680599577327e+02 -2.319374212752053381e+02 -1.367574340994482782e+03 -2.200095856506160089e+03 -5.429106480270326074e+02
-4.477590254361836060e+02 -7.640544291111363009e+02 -2.326157888246774803e+02 -1.368157194085080391e+03 -2.196972840358383564e+03 -5.419675061275128201e+02
-4.545254119345301547e+02 -7.616981267809328529e+02 -2.354284771092363826e+02 -1.376433304224749463e+03 -2.197006464766166118e+03 -5.447957380594231154e+02
-4.542559786357486473e+02 -7.584612548822994995e+02 -2.360478980966666995e+02 -1.370198734770755209e+03 -2.204238363433961240e+03 -5.393099936406839561e+02
-4.521098321684055463e+02 -7.619094507564768719e+02 -2.361358590969555848e+02 -1.367283749076420918e+03 -2.200590249797640354e+03 -5.374436389630027406e+02
-4.520804188581913081e+02 -7.655371238832691461e+02 -2.375889812033420014e+02 -1.368446466489969680e+03 -2.203283273248143360e+03 -5.447190822909798271e+02
-4.538748511862468717e+02 -7.634486545144668526e+02 -2.376632104463806172e+02 -1.375147552213443760e+03 -2.196002167849542275e+03 -5.439541164591527149e+02
-4.533695793331819459e+02 -7.667729864638081381e+02 -2.377420114572980196e+02 -1.369605501679359350e+03 -2.202682967856296273e+03 -5.438840845959226726e+02
-4.548706570175918387e+02 -7.635173179452513068e+02 -2.391120543059264492e+02 -1.376144128766003860e+03 -2.196428830938670217e+03 -5.441419215953064850e+02
-4.533782364167572609e+02 -7.605989770709298909e+02 -2.361502515119037753e+02 -1.370070727612084738e+03 -2.204209693351611804e+03 -5.401113307978566809e+02
-4.536617515174110622e+02 -7.605664978867164336e+02 -2.371955527323958108e+02 -1.373208419009416502e+03 -2.196674475799080028e+03 -5.440303836980374399e+02
-4.528791467541286124e+02 -7.615131755869558674e+02 -2.363074456075983676e+02 -1.370146568856916019e+03 -2.204407180139464344e+03 -5.387868323027345241e+02
-4.540374558964253424e+02 -7.595784267636215645e+02 -2.362185357100435965e+02 -1.370261642552610056e+03 -2.204123059319908862e+03 -5.378297832918048016e+02
-4.456305623330176218e+02 -7.644530520826225484e+02 -2.339324081769454722e+02 -1.368083816109021427e+03 -2.200248661934712800e+03 -5.428977534965902123e+02
-4.530524955020966331e+02 -7.629454942923492808e+02 -2.384852419126673908e+02 -1.375698335044386795e+03 -2.197776516336798977e+03 -5.437959081567336170e+02
-4.539795412584009000e+02 -7.620145689004941687e+02 -2.361442672424033447e+02 -1.376268607122527783e+03 -2.196529106370660884e+03 -5.449050184349983965e+02
-4.520181168525488147e+02 -7.641538383695655057e+02 -2.299394369722860461e+02 -1.368339527449604020e+03 -2.195843017195786615e+03 -5.413835472768462296e+02
-4.480699872956953982e+02 -7.569162430826798982e+02 -2.355374655942700315e+02 -1.372339347236649019e+03 -2.200368864318156739e+03 -5.482912504707048811e+02
-4.549800508801287720e+02 -7.616942353783812223e+02 -2.364168257312990420e+02 -1.370407563609426916e+03 -2.202564577195078527e+03 -5.401005734246210750e+02
-4.515149585085325725e+02 -7.659773124776519353e+02 -2.309901276850089005e+02 -1.367709741936610271e+03 -2.197650114783279150e+03 -5.418227582408611624e+02
-4.515597290995518733e+02 -7.632941436754985034e+02 -2.356511143831149866e+02 -1.366981946629924778e+03 -2.201581763464712822e+03 -5.403759894629566816e+02
-4.546969985065847482e+02 -7.627313511654463127e+02 -2.363719409873579878e+02 -1.375384559921335267e+03 -2.196309212464565007e+03 -5.462056528584456601e+02
-4.512427133572128355e+02 -7.646758912052695223e+02 -2.309648144487659636e+02 -1.369268884107220401e+03 -2.195693350122073298e+03 -5.433387095814188115e+02
-4.524336991286188550e+02 -7.652060422864965403e+02 -2.358505653160040367e+02 -1.367668966887409852e+03 -2.200801910303015575e+03 -5.372796085555434047e+02
-4.513814714801567334e+02 -7.641996414593247664e+02 -2.292190695516952985e+02 -1.368128043383644581e+03 -2.197891067826863036e+03 -5.431909967337575154e+02
-4.556954483993389999e+02 -7.591153400316743500e+02 -2.367278657114458156e+02 -1.370295516929600581e+03 -2.203315030581919473e+03 -5.395693938576043820e+02
-4.525446543785783433e+02 -7.647661364783230056e+02 -2.287008306874357970e+02 -1.366941730415588609e+03 -2.197939206985323381e+03 -5.399607876707228797e+02
-4.536577025392206792e+02 -7.602472242235551221e+02 -2.362636716956803014e+02 -1.376459870939835128e+03 -2.196965675922511309e+03 -5.464161831919863062e+02
-4.529140486687254565e+02 -7.653234512391690032e+02 -2.367951857773676636e+02 -1.367910985080936598e+03 -2.201470476162774048e+03 -5.426951812557313133e+02
-4.530427006814217066e+02 -7.643013112407030576e+02 -2.353648377598742911e+02 -1.369044138685156213e+03 -2.199358643986315656e+03 -5.380248883621330833e+02
-4.529061271774176021e+02 -7.634105291914877398e+02 -2.373644173979695609e+02 -1.377197793637603581e+03 -2.196129987484582671e+03 -5.423553075452972507e+02
-4.533749735383552775e+02 -7.625482887377592078e+02 -2.370702034466800114e+02 -1.375913921021766328e+03 -2.196733266529841785e+03 -5.436715186159508448e+02
-4.527705178144701108e+02 -7.611223898230174427e+02 -2.355709385932240991e+02 -1.375541448656223565e+03 -2.196627883871846734e+03 -5.455213443468079504e+02
-4.485909881043901919e+02 -7.637953269715774240e+02 -2.332108931945540178e+02 -1.368681810731399537e+03 -2.198815313649656218e+03 -5.428313014114347652e+02
-4.532400415962189300e+02 -7.611816356267979700e+02 -2.354688552532394965e+02 -1.375997170823565739e+03 -2.196787919356067050e+03 -5.452807532615814807e+02
-4.449234750517172188e+02 -7.594855373120484501e+02 -2.302559920970092833e+02 -1.373692287661437149e+03 -2.204057310715469612e+03 -5.437699679326577780e+02
-4.530335921247412898e+02 -7.610831220598938671e+02 -2.371643388596066302e+02 -1.375364763973601839e+03 -2.196492960810080604e+03 -5.447331375737234112e+02
-4.467017602795963853e+02 -7.633036720768378700e+02 -2.318504495397473306e+02 -1.367982826018037713e+03 -2.198567398635534573e+03 -5.437664888174206226e+02
-4.533097389526159304e+02 -7.648779995670713561e+02 -2.380489893967007902e+02 -1.368111150546287490e+03 -2.202657670967100785e+03 -5.439395940144178212e+02
-4.517386504724292422e+02 -7.651286467878870781e+02 -2.303643414667384661e+02 -1.367302024078782097e+03 -2.196442960386531922e+03 -5.399954313681423628e+02
-4.462461818669136733e+02 -7.647403598843712871e+02 -2.325417109672575862e+02 -1.368301955625596975e+03 -2.198108043686231213e+03 -5.431098531279138797e+02
-4.533501417845810124e+02 -7.613872810505397410e+02 -2.373226668966227635e+02 -1.376210675367701697e+03 -2.195688775118599096e+03 -5.433694390156956615e+02
-4.534673721138991027e+02 -7.589297362193370873e+02 -2.360280280956176853e+02 -1.370530833766932574e+03 -2.203177777131401399e+03 -5.395215955331728992e+02
-4.526658320376673146e+02 -7.648324309717245342e+02 -2.373098773298985122e+02 -1.367993505987159779e+03 -2.200001151567093984e+03 -5.393114409640261329e+02
-4.449391013363701290e+02 -7.626620841010910681e+02 -2.340625981486256535e+02 -1.366335045974388777e+03 -2.200457423580152863e+03 -5.418860769504381096e+02
-4.473171338402802917e+02 -7.631293954874506653e+02 -2.320425532335605112e+02 -1.367235416614464384e+03 -2.198948432617615708e+03 -5.417290891811677511e+02
-4.518012083675358781e+02 -7.637926194805993418e+02 -2.305931440077114019e+02 -1.366264938867069759e+03 -2.197192104598454534e+03 -5.409880041257877110e+02
-4.487947339379481377e+02 -7.568009653431556671e+02 -2.349847371677661272e+02 -1.373675699200065992e+03 -2.201513163291429464e+03 -5.478334199822525079e+02
-4.557641837022188724e+02 -7.600878772480489260e+02 -2.366908494680861565e+02 -1.370140954500394173e+03 -2.202077332524086160e+03 -5.396840519697003629e+02
-4.479784756452331749e+02 -7.582028896405531668e+02 -2.347860748192540541e+02 -1.374386953574857898e+03 -2.200597520496246943e+03 -5.483934728241202947e+02
-4.487228182180843419e+02 -7.560293862658170383e+02 -2.336992487332170185e+02 -1.374422860950119912e+03 -2.200747948437187006e+03 -5.471165591350338673e+02
-4.533440704897708997e+02 -7.657543248981297666e+02 -2.372070011007641313e+02 -1.370449031234311860e+03 -2.203171822896562844e+03 -5.451588722000859661e+02
-4.551029348407515727e+02 -7.621037831565614624e+02 -2.351711168397059453e+02 -1.376162837107332962e+03 -2.196651149172434543e+03 -5.446936872954252067e+02
-4.518629099879988757e+02 -7.636609133927480570e+02 -2.309983110165206881e+02 -1.368739658490787633e+03 -2.197284990299762740e+03 -5.414909335560815862e+02
-4.461926054779291917e+02 -7.640167566111214228e+02 -2.311295098180958689e+02 -1.369314832379606287e+03 -2.200086144720219636e+03 -5.407476000457844520e+02
-4.455747588479002843e+02 -7.645476553573251977e+02 -2.325658630539580827e+02 -1.367759916360615989e+03 -2.200139352110027176e+03 -5.418235996812695703e+02
-4.455801468926528059e+02 -7.646631055475252197e+02 -2.326581561842845360e+02 -1.367624228661016559e+03 -2.197826567817294290e+03 -5.432527855073126375e+02
-4.474081608109532340e+02 -7.642860850750834061e+02 -2.330155375172661820e+02 -1.366401226869514858e+03 -2.198252027032233855e+03 -5.426426344870027378e+02
-4.533352340089311951e+02 -7.609962326819778582e+02 -2.352062398708507374e+02 -1.375549791909572377e+03 -2.195068832836426282e+03 -5.432025588264586986e+02
-4.515312406120543756e+02 -7.652260744827709686e+02 -2.320177155965148756e+02 -1.368079568610574142e+03 -2.197327561900308865e+03 -5.389144145166465023e+02
-4.530217003650826655e+02 -7.627496219594656850e+02 -2.363364570225555212e+02 -1.376565124404486824e+03 -2.196001369660566979e+03 -5.437888937674619001e+02
-4.532607763148893696e+02 -7.659076679241088641e+02 -2.369557709927430551e+02 -1.367455230799222818e+03 -2.202495288867225554e+03 -5.447264151569328305e+02
-4.524427760957369173e+02 -7.621254478177771716e+02 -2.366335518781513088e+02 -1.375241017275484182e+03 -2.196177977943939823e+03 -5.430435457889852842e+02
-4.539764478407012120e+02 -7.660786217592329876e+02 -2.352780624277684467e+02 -1.368596053883838522e+03 -2.201157110167794144e+03 -5.374007194546454684e+02
-4.534369844624878283e+02 -7.637170746441328220e+02 -2.371698645581383005e+02 -1.375360360869295846e+03 -2.196068651270041300e+03 -5.434260476117777898e+02
-4.525823022912524038e+02 -7.659216438457452796e+02 -2.397736589871796582e+02 -1.369587629317793017e+03 -2.203576905568224902e+03 -5.417427340100480251e+02
-4.545856945004934460e+02 -7.584906888097540332e+02 -2.363633485908572140e+02 -1.369327327806123776e+03 -2.204871235440365581e+03 -5.409501780822441788e+02
-4.534313862095813192e+02 -7.680346819463289876e+02 -2.377428898574175946e+02 -1.368403833245705982e+03 -2.203267190970354477e+03 -5.451659921324702509e+02
-4.547037590813970951e+02 -7.608968369082326717e+02 -2.356845062109344155e+02 -1.369671712912085241e+03 -2.203118627805129108e+03 -5.403923725874523143e+02
-4.519876892668235655e+02 -7.639111212126130113e+02 -2.300852462937504868e+02 -1.368194301386542975e+03 -2.196918117376225382e+03 -5.399814322895882697e+02
-4.543939854988861953e+02 -7.629829530128562283e+02 -2.370832887365116619e+02 -1.377562502908748911e+03 -2.198054121072003454e+03 -5.451894070662541480e+02
-4.373755699841138949e+02 -7.470687553372466709e+02 -2.284564117770599978e+02 -1.382818041109394244e+03 -2.205628255364267261e+03 -5.254202179535294590e+02
-4.516966172658653704e+02 -7.660071752463032908e+02 -2.320411309860569702e+02 -1.366805158977069141e+03 -2.197980631128849836e+03 -5.413261825987701741e+02
-4.445997176439016130e+02 -7.593743728221497804e+02 -2.317940524115155085e+02 -1.374041575061973390e+03 -2.202581867572631836e+03 -5.438012119881684612e+02
-4.450915734496811638e+02 -7.577429852438785929e+02 -2.311292689093966999e+02 -1.373996873479633905e+03 -2.202871047903525778e+03 -5.429877396271139105e+02
-4.524318578377941549e+02 -7.665378478850954025e+02 -2.386500630435074868e+02 -1.368226192148583323e+03 -2.202731113832934170e+03 -5.455739419273435260e+02
-4.527422324263542350e+02 -7.665810247331314713e+02 -2.376531554760548204e+02 -1.368266732201893774e+03 -2.202826174404223821e+03 -5.454498021053186676e+02
-4.505573971082312710e+02 -7.651787464068306690e+02 -2.309700461392915543e+02 -1.368231075471982422e+03 -2.197152502833943345e+03 -5.414422716809616531e+02
-4.504408194432422761e+02 -7.640671787127546395e+02 -2.320829713764522069e+02 -1.366473248337931864e+03 -2.197052421391664666e+03 -5.424180148593753756e+02
-4.548643675215805615e+02 -7.600886280192912636e+02 -2.373166073489911696e+02 -1.370179235245331256e+03 -2.205321121893845429e+03 -5.407093916285671185e+02
-4.523038087073984457e+02 -7.648895938079240295e+02 -2.296004523852911063e+02 -1.369003842485288715e+03 -2.196793756117128396e+03 -5.413881281684485884e+02
-4.530296930347776083e+02 -7.593850356519373008e+02 -2.357379086730005042e+02 -1.371149945173244987e+03 -2.203570351510355522e+03 -5.388255051840776559e+02
-4.514277637245044161e+02 -7.634065174093378801e+02 -2.369007563628461241e+02 -1.368764340878678468e+03 -2.199627150902502763e+03 -5.375961263081755988e+02
-4.497021464514782565e+02 -7.561000045111878762e+02 -2.336042439858753141e+02 -1.374148497988913959e+03 -2.200066424526714400e+03 -5.495155065446866729e+02
-4.533798674721846851e+02 -7.630185105233076683e+02 -2.362161731852267792e+02 -1.374882970708604716e+03 -2.197543645362658026e+03 -5.444234656264575278e+02
-4.553577924599366042e+02 -7.595430993421009589e+02 -2.351093793128297591e+02 -1.370351785561144652e+03 -2.203304874671760444e+03 -5.383706671755601292e+02
-4.496094847750952681e+02 -7.582176381281927888e+02 -2.355862601128103506e+02 -1.373666225423648939e+03 -2.200772774357496019e+03 -5.476198338551158713e+02
-4.520187968592507559e+02 -7.641208786949280238e+02 -2.368811442680482742e+02 -1.367594465019838253e+03 -2.200121992522904748e+03 -5.376320765390556744e+02
-4.520521047729583302e+02 -7.648216170119792423e+02 -2.376955523834184589e+02 -1.367943950712309515e+03 -2.201579915511959825e+03 -5.391585083045591773e+02
-4.549484124925133983e+02 -7.597432434564877894e+02 -2.366951274498496787e+02 -1.370047684569851526e+03 -2.203706841737560353e+03 -5.405812251484973103e+02
-4.532469845910941331e+02 -7.671277786883712224e+02 -2.364576723817858408e+02 -1.369730561760579803e+03 -2.201205354621979950e+03 -5.435358215907497197e+02
-4.529342731516496201e+02 -7.665207445879601664e+02 -2.362430236849968992e+02 -1.368602953652472706e+03 -2.203284234847489643e+03 -5.425194561034440994e+02
-4.525298647981048816e+02 -7.612683320731511003e+02 -2.359420909630700862e+02 -1.375038735627209462e+03 -2.195804499670154200e+03 -5.445424896846573120e+02
-4.534518939205144648e+02 -7.620759279116031166e+02 -2.371259376612793517e+02 -1.375872332832013626e+03 -2.197820765294430657e+03 -5.452038866224211233e+02
-4.489097164919774627e+02 -7.573315351370926010e+02 -2.356909168809069115e+02 -1.372607804954774792e+03 -2.201361083350491754e+03 -5.471126454823922813e+02
-4.534250885404762812e+02 -7.607472013149197210e+02 -2.369322534563498266e+02 -1.370308869246131962e+03 -2.204701353011072570e+03 -5.395501503708155724e+02
-4.475879874072443272e+02 -7.637926383947784643e+02 -2.328168469719275606e+02 -1.369216401794840067e+03 -2.198008088111422694e+03 -5.421002893751507372e+02
-4.541020412710806795e+02 -7.604786134423475232e+02 -2.363006940276449654e+02 -1.370546837456426147e+03 -2.202414347530477244e+03 -5.386820725994730310e+02
-4.452955717355916363e+02 -7.645887595203731735e+02 -2.301138035161031326e+02 -1.367278384965979967e+03 -2.199507657145444227e+03 -5.424910344340036090e+02
-4.535425808312448908e+02 -7.633428095362619388e+02 -2.363034198887461343e+02 -1.375960201196534854e+03 -2.196558877554748051e+03 -5.450873298349894185e+02
-4.455027558154095573e+02 -7.593309742892372469e+02 -2.320742324367501226e+02 -1.374642606125244583e+03 -2.205091625615563316e+03 -5.440332849498482801e+02
-4.522236939771973994e+02 -7.637754699188615177e+02 -2.364919425617407569e+02 -1.368434899547263740e+03 -2.200797124634304964e+03 -5.386399689576810488e+02
-4.545607404140361041e+02 -7.626395315831628068e+02 -2.378977927660609737e+02 -1.376961053286056995e+03 -2.196366241458687909e+03 -5.453643015597803014e+02
-4.539852637258201185e+02 -7.595478918531950967e+02 -2.379116553523353730e+02 -1.372647697713167872e+03 -2.204110077676892161e+03 -5.417227366223490890e+02
-4.510698369709120925e+02 -7.638594950250093234e+02 -2.307851516111784633e+02 -1.367165389146013013e+03 -2.197988279974611487e+03 -5.423082222586099306e+02
-4.538571058360611801e+02 -7.635150622304851140e+02 -2.358887133110210357e+02 -1.375031926942565406e+03 -2.195953057267826352e+03 -5.451264198195415247e+02
-4.548796716377677285e+02 -7.592254352491778491e+02 -2.365237914546690092e+02 -1.370077970627089826e+03 -2.205102363718221113e+03 -5.417842251077044011e+02
-4.553271654856154100e+02 -7.602743064384371792e+02 -2.371711611015313679e+02 -1.371195672493181064e+03 -2.203785961830272754e+03 -5.398409904413517779e+02
-4.465867838694042575e+02 -7.639643591107201246e+02 -2.324635069646922148e+02 -1.367463843294229719e+03 -2.198405982125317223e+03 -5.411012489431645918e+02
-4.524090093747483365e+02 -7.645632810049714863e+02 -2.364663728349194400e+02 -1.368914593797865791e+03 -2.203744437690486393e+03 -5.431758250796766561e+02
-4.484042955391598184e+02 -7.577866722329086997e+02 -2.352976853814597575e+02 -1.374797158912401301e+03 -2.201514814056877185e+03 -5.473789476428931948e+02
-4.534667533199156537e+02 -7.646174471334343252e+02 -2.350243800086402928e+02 -1.366293878141737196e+03 -2.199582106988139913e+03 -5.389625619367005811e+02
-4.518459961802373073e+02 -7.644240901889442057e+02 -2.377857186073410674e+02 -1.369260934988750705e+03 -2.200421861825948326e+03 -5.380965454346542174e+02
-4.547796061351673984e+02 -7.624648847229149169e+02 -2.368711433252906886e+02 -1.375421378852769294e+03 -2.195930316593917723e+03 -5.456199856741061467e+02
-4.537185028805636762e+02 -7.600357480965321884e+02 -2.368419858520225603e+02 -1.369712063739471887e+03 -2.204332162370455535e+03 -5.393176246655388013e+02
-4.530204999692269894e+02 -7.631857199786327328e+02 -2.358582210745075258e+02 -1.377024735860998135e+03 -2.196087304872364257e+03 -5.451260867607713863e+02
-4.515800296934552307e+02 -7.649892471844719921e+02 -2.308017443321517987e+02 -1.367489138425501778e+03 -2.196417113744839753e+03 -5.415336121073037248e+02
-4.514881724233507043e+02 -7.660710808687374538e+02 -2.391602483065199749e+02 -1.368538218249369720e+03 -2.202021156435871944e+03 -5.438505374999456308e+02
-4.531451296345729816e+02 -7.632011110587507119e+02 -2.362761953204163774e+02 -1.375710789218619993e+03 -2.195364357843247035e+03 -5.454585562314812250e+02
-4.529500191365745536e+02 -7.651854573231287304e+02 -2.379917656495850906e+02 -1.368928975339484623e+03 -2.200457500308933959e+03 -5.381238311140743917e+02
-4.542531071832593739e+02 -7.616918978918042740e+02 -2.365212446576570926e+02 -1.375626562065164762e+03 -2.196231785440117164e+03 -5.459044533927535667e+02
-4.510543105928559839e+02 -7.617684797126502190e+02 -2.314035753295722486e+02 -1.367549852399670726e+03 -2.196027633742769922e+03 -5.412219389546133925e+02
-4.533947684541545300e+02 -7.594648215247761982e+02 -2.364620725630777258e+02 -1.369993954062412740e+03 -2.204031906247980260e+03 -5.407857991830461515e+02
-4.521646787340091578e+02 -7.654536118171710086e+02 -2.307065436497981921e+02 -1.368440430946523293e+03 -2.198651888009243521e+03 -5.417872983544716590e+02
-4.460299923889189131e+02 -7.643222331713927815e+02 -2.317145634748868019e+02 -1.368613086650393370e+03 -2.199810840103021746e+03 -5.433055605036475981e+02
-4.491057755796132369e+02 -7.567445549841437469e+02 -2.357106964566454792e+02 -1.373873446890276000e+03 -2.200264407531356937e+03 -5.470327922937425456e+02
-4.506307788744724121e+02 -7.651146404908348586e+02 -2.377095410774309983e+02 -1.369619087844095702e+03 -2.202073120455419030e+03 -5.442394309097581981e+02
-4.537324959952487120e+02 -7.646221535831768961e+02 -2.377317457709067412e+02 -1.367708269316703991e+03 -2.200110083040061909e+03 -5.371452379196349511e+02
-4.544544549467400998e+02 -7.590661326189405145e+02 -2.374892254749615006e+02 -1.370208571867555975e+03 -2.204027342138084805e+03 -5.382322124081611037e+02
-4.542058067593135888e+02 -7.596253857010623278e+02 -2.360839832867431483e+02 -1.370327698759510440e+03 -2.203114191429524453e+03 -5.393280608751463205e+02
-4.458998679752076555e+02 -7.642479889825367536e+02 -2.323054994114379497e+02 -1.368571656978089095e+03 -2.200215651342452929e+03 -5.413118825619241079e+02
-4.465542617655416393e+02 -7.628283803089266257e+02 -2.310894522981676005e+02 -1.367360299043486066e+03 -2.201157696045320790e+03 -5.437499333224511702e+02
-4.526845943620265871e+02 -7.659155055972296395e+02 -2.348844524366313635e+02 -1.368203032074881776e+03 -2.201165434072811422e+03 -5.399280655198356271e+02
-4.509610067555730097e+02 -7.656371645367963765e+02 -2.315200525638988722e+02 -1.367014428212203029e+03 -2.198286163185219266e+03 -5.406812962098161961e+02
-4.510273224692078884e+02 -7.667168384074597043e+02 -2.388345839427063595e+02 -1.369742270560364432e+03 -2.202892508517230453e+03 -5.413336677502304610e+02
-4.514815659837888688e+02 -7.674218287286516897e+02 -2.380392672695825240e+02 -1.369796906961024433e+03 -2.203543050895691067e+03 -5.430626567487666989e+02
-4.534304259462813320e+02 -7.613306876436588482e+02 -2.371549255100847233e+02 -1.377674041839220990e+03 -2.195457081952100452e+03 -5.437862803597394077e+02
-4.533389203237692300e+02 -7.588751911927632818e+02 -2.374982710976006217e+02 -1.370155889988786384e+03 -2.203570345774421639e+03 -5.407055765755122820e+02
-4.516504502869109956e+02 -7.651573016807441263e+02 -2.292539700358259438e+02 -1.367294517223260073e+03 -2.197007618680949690e+03 -5.411832458449050591e+02
-4.544315771454839705e+02 -7.541644604033583619e+02 -2.293611290824155162e+02 -1.368995912379781885e+03 -2.189420175380562341e+03 -5.235661113947596732e+02
-4.519679849803361549e+02 -7.621509083078609592e+02 -2.354846995112320656e+02 -1.376683627624406654e+03 -2.194616414221498871e+03 -5.444307285648083052e+02
-4.542551557845617367e+02 -7.618245683384948279e+02 -2.361132540770421997e+02 -1.375415561243588854e+03 -2.195211674546006179e+03 -5.430464606811684689e+02
-4.539990442967236390e+02 -7.605010895332047767e+02 -2.358356038243966566e+02 -1.376972181418415857e+03 -2.195970435960849500e+03 -5.434906716127208028e+02
-4.527376791200259731e+02 -7.591594149583656872e+02 -2.368363923354345673e+02 -1.369609070769708524e+03 -2.203429849898421253e+03 -5.405949919526167378e+02
-4.518496237976998486e+02 -7.654673944994774502e+02 -2.375077403550389477e+02 -1.366901824118838022e+03 -2.201062093350730265e+03 -5.403113014979364834e+02
-4.525890375182112280e+02 -7.663027853179123667e+02 -2.351703977039746860e+02 -1.368547795715635630e+03 -2.204597418235322493e+03 -5.415898728623999432e+02
-4.397629490210415497e+02 -7.610479898733434538e+02 -2.296075805760244180e+02 -1.360789235537303057e+03 -2.185035149371241005e+03 -5.319779535294729840e+02
-4.519008563277440089e+02 -7.646681630766014450e+02 -2.308993885524501763e+02 -1.368098407471745531e+03 -2.196462699221817729e+03 -5.412450415122449385e+02
-4.541437058826459179e+02 -7.625828318761981564e+02 -2.359985976689977463e+02 -1.375684623669495295e+03 -2.197515317443586355e+03 -5.456284702797814816e+02
-4.459918701596157007e+02 -7.634559360390362599e+02 -2.312837124752720399e+02 -1.367104275291882232e+03 -2.198409685748475567e+03 -5.433618751453811910e+02
-4.449707385572152702e+02 -7.589432989052747871e+02 -2.318593917993758851e+02 -1.372762845905437644e+03 -2.202115885437131510e+03 -5.427322619597434823e+02
-4.530867093742247675e+02 -7.637982861406275106e+02 -2.353092675298033214e+02 -1.368278446424818412e+03 -2.200474603953889982e+03 -5.364550261746883280e+02
-4.512246418490523752e+02 -7.644509785990013597e+02 -2.291758978886624050e+02 -1.367298452316817247e+03 -2.195298071105743929e+03 -5.407425257065758615e+02
-4.546238524855167498e+02 -7.595560946671893134e+02 -2.366186564685688438e+02 -1.370015782536702545e+03 -2.203948664771070980e+03 -5.394804323701847579e+02
-4.503517611575466049e+02 -7.627910834364087123e+02 -2.302388112891738103e+02 -1.366021178001488352e+03 -2.196965475886853255e+03 -5.423802338663654155e+02
-4.455818845244805289e+02 -7.639307723847696252e+02 -2.332325994407377721e+02 -1.365822186036164794e+03 -2.200414989964104734e+03 -5.419077228792349388e+02
-4.548526210946274091e+02 -7.650823742701443280e+02 -2.356778320190317118e+02 -1.369470582147529285e+03 -2.199440455824545552e+03 -5.387215581458381166e+02
-4.531832728138294897e+02 -7.631511451507393531e+02 -2.368369856195953389e+02 -1.376203440422717222e+03 -2.196402989426167096e+03 -5.442498984034658633e+02
-4.507726807419264787e+02 -7.654398354511151865e+02 -2.315041009895352886e+02 -1.367056966399249177e+03 -2.196308216285858634e+03 -5.409546201672833377e+02
-4.443272399770659717e+02 -7.601442706190038052e+02 -2.322015529793516464e+02 -1.375021156659860026e+03 -2.201102520964271207e+03 -5.429902907000272307e+02
-4.508728321643573622e+02 -7.651984881027260599e+02 -2.281685966189186843e+02 -1.368125573350627747e+03 -2.197915837623996595e+03 -5.423839493081183036e+02
-4.524075711108060318e+02 -7.635455830342997388e+02 -2.304102990069498560e+02 -1.367384446953904444e+03 -2.198318731473779735e+03 -5.414149001122465279e+02
-4.457862517417194681e+02 -7.636537544608269172e+02 -2.317791190093280136e+02 -1.367467579505017056e+03 -2.199943994057213331e+03 -5.425237118851767946e+02
-4.522066883587733628e+02 -7.609089304550748238e+02 -2.369292630885209689e+02 -1.377750132330477982e+03 -2.196285170559649032e+03 -5.444326924251557784e+02
-4.532250634251042243e+02 -7.627778652983977281e+02 -2.379271932109955401e+02 -1.375354351811378365e+03 -2.196708586740610826e+03 -5.443895040091259716e+02
-4.456165774949228648e+02 -7.631846665782647960e+02 -2.324791037986852018e+02 -1.368120521431245606e+03 -2.198223663680920254e+03 -5.415184808562755734e+02
-4.514904374121391015e+02 -7.654004459869088350e+02 -2.375170740802346643e+02 -1.367911818714962465e+03 -2.202041707443277119e+03 -5.433404669510282474e+02
-4.531105856017680367e+02 -7.666747450379961037e+02 -2.383704650375705398e+02 -1.370745670204091539e+03 -2.203489466431574783e+03 -5.437411366828534938e+02
-4.441983138474550969e+02 -7.575641817698862042e+02 -2.320602620076326446e+02 -1.373920926586026098e+03 -2.203457484833523722e+03 -5.429269839017730419e+02
-4.513596772317496288e+02 -7.653062687582886383e+02 -2.300806448821336687e+02 -1.365908242262838712e+03 -2.197271290916508860e+03 -5.419353836109295344e+02
-4.530877519849697137e+02 -7.601938664194553894e+02 -2.351724230206547759e+02 -1.370036374187074443e+03 -2.202381373362918566e+03 -5.405209435130168458e+02
-4.468953795582281145e+02 -7.633837222431344571e+02 -2.325163800921285997e+02 -1.368420444319418266e+03 -2.200855697446669637e+03 -5.421556175018928343e+02
-4.535691387441100346e+02 -7.650520089004912734e+02 -2.359722841946347671e+02 -1.368696044753455226e+03 -2.200650293068739302e+03 -5.376283387030250651e+02
-4.518263192009913496e+02 -7.658086827106568535e+02 -2.371589492505619887e+02 -1.367380424105407428e+03 -2.203527859796616667e+03 -5.434818799124424231e+02
-4.512050519582458037e+02 -7.638320204127480793e+02 -2.304973374031438027e+02 -1.365935991442619979e+03 -2.196051297450182119e+03 -5.417635826413276163e+02
-4.459898344612540200e+02 -7.644835507100818859e+02 -2.317829531831532108e+02 -1.368562796882247767e+03 -2.198757870332507991e+03 -5.426920842316519611e+02
-4.551598026223909415e+02 -7.604913266172954991e+02 -2.368743366283469527e+02 -1.370401423264091591e+03 -2.203826331339781518e+03 -5.395457238022078172e+02
-4.464466830791571965e+02 -7.631005131790263931e+02 -2.314003843474067992e+02 -1.368632183482507799e+03 -2.199183674887753568e+03 -5.418739371492297323e+02
-4.465579606210392853e+02 -7.650058629625806361e+02 -2.317691171026008021e+02 -1.367781868941568973e+03 -2.198617397407168482e+03 -5.428987551356939321e+02
-4.506278435661583899e+02 -7.655815738901883378e+02 -2.297494784373959931e+02 -1.366046997216484442e+03 -2.196902605308408965e+03 -5.410403706277870697e+02
-4.532887282981279782e+02 -7.659144093037510856e+02 -2.387433878123520685e+02 -1.368197218941254732e+03 -2.201447726540040549e+03 -5.422253667523605145e+02
-4.487508335593726656e+02 -7.561537780046467105e+02 -2.345311290243548399e+02 -1.374071882435922817e+03 -2.200585713693433718e+03 -5.479090396530257294e+02
-4.530188897353884272e+02 -7.657351698627060159e+02 -2.365243130793561477e+02 -1.367647581491771007e+03 -2.201373207411063504e+03 -5.383818621552344439e+02
-4.529915323700062686e+02 -7.648755486025185064e+02 -2.316228626800135260e+02 -1.367686966877713076e+03 -2.197916449354712313e+03 -5.413873188113557262e+02
-4.523239019012907534e+02 -7.618593467934679211e+02 -2.366906529057487205e+02 -1.376125486287630110e+03 -2.195512297978473271e+03 -5.437154845990201011e+02
-4.525368702253042557e+02 -7.637551182218487611e+02 -2.363325160385032859e+02 -1.377149954548339565e+03 -2.195629224047212119e+03 -5.444291248818722124e+02
-4.515142823649567276e+02 -7.619262643178167309e+02 -2.346357935010776714e+02 -1.375584982120606355e+03 -2.196453400222574601e+03 -5.440897778636995099e+02
-4.524579060743532750e+02 -7.631107410710045542e+02 -2.362766061282964074e+02 -1.367992527067786568e+03 -2.200111379030293392e+03 -5.378511020674137626e+02
-4.518060387724864313e+02 -7.658040865105812145e+02 -2.395199459497232510e+02 -1.368604588400989314e+03 -2.202596180564317820e+03 -5.447993707878782743e+02
-4.534162343360848126e+02 -7.653246799723902996e+02 -2.379832776812815212e+02 -1.368468166353615061e+03 -2.201324436103949211e+03 -5.438760816603552257e+02
-4.482008240712708584e+02 -7.577854181156618552e+02 -2.353481425290241873e+02 -1.372687680056516911e+03 -2.200341130744808652e+03 -5.484345996149006623e+02
-4.526872291778636850e+02 -7.601408656235540775e+02 -2.366947824564062159e+02 -1.370579975953351550e+03 -2.204808793983292162e+03 -5.409643509534344048e+02
-4.530294231487351340e+02 -7.655012952115841927e+02 -2.369520764363045373e+02 -1.368304858511963857e+03 -2.199039205096413298e+03 -5.385964397375453245e+02
-4.459358033227677538e+02 -7.639091433739428112e+02 -2.336943789052168938e+02 -1.366715008345369142e+03 -2.198077903560316372e+03 -5.415884441263177678e+02
-4.525156710824599031e+02 -7.622034817238235291e+02 -2.300390610677417271e+02 -1.367883755098337815e+03 -2.196770258162597202e+03 -5.421357873746657106e+02
-4.461129003314171655e+02 -7.634226441255356121e+02 -2.342643880653488395e+02 -1.366411980628908623e+03 -2.199174363655014076e+03 -5.417087235328210681e+02
-4.493466891991469083e+02 -7.587237665822307235e+02 -2.350278937052200092e+02 -1.374459324263296821e+03 -2.199871010090586879e+03 -5.471314983564536760e+02
-4.535537874451063658e+02 -7.644341940408023675e+02 -2.375643966113179886e+02 -1.367857405534325608e+03 -2.201000705048876625e+03 -5.380802421680295993e+02
-4.505557806347216001e+02 -7.628193064094848523e+02 -2.299242477720548266e+02 -1.368834853430450039e+03 -2.197340829410664355e+03 -5.409319666962986730e+02
-4.525374039851595853e+02 -7.659746215278394175e+02 -2.353902633313178399e+02 -1.367388162817091143e+03 -2.199814419021307458e+03 -5.387073234901043861e+02
-4.498051413972277714e+02 -7.560309223269230188e+02 -2.350204081196385744e+02 -1.373573066300666824e+03 -2.200051001072220060e+03 -5.473229023280645151e+02
-4.512950037745962959e+02 -7.633799242970621890e+02 -2.302790923556099756e+02 -1.366577491876997783e+03 -2.196998275267091685e+03 -5.430597767772042062e+02
-4.459921501569138513e+02 -7.656247636389490481e+02 -2.319544327935232673e+02 -1.368451007751529687e+03 -2.198753445620341154e+03 -5.437392949458151179e+02
-4.479860163103608670e+02 -7.576763517289941774e+02 -2.351483164830538897e+02 -1.372381844529482578e+03 -2.201206815245441248e+03 -5.474466447494112344e+02
-4.506439668879917804e+02 -7.626914411223395973e+02 -2.309484412791409511e+02 -1.366183367884959580e+03 -2.197012320169298619e+03 -5.399543786824534664e+02
-4.526271312601144245e+02 -7.655466694789719213e+02 -2.373829874681840408e+02 -1.368671377862740883e+03 -2.202070030280256105e+03 -5.430319874363638064e+02
-4.530984124095863308e+02 -7.653137192002683378e+02 -2.366651637719149335e+02 -1.370173000545577452e+03 -2.200066924566572197e+03 -5.393237203065503991e+02
-4.506260323488708650e+02 -7.634012381285849642e+02 -2.309503983336564090e+02 -1.368885053229233563e+03 -2.197900853781429760e+03 -5.403882488302447200e+02
-4.496470684120699843e+02 -7.648213422485049477e+02 -2.302083837644214270e+02 -1.367735929199362090e+03 -2.198367532976355051e+03 -5.413076644849887771e+02
-4.540268986519112673e+02 -7.596445360785602361e+02 -2.377321868452746401e+02 -1.369590260429276668e+03 -2.203740326366942554e+03 -5.409946029451725735e+02
-4.544578161732998751e+02 -7.603635903807031582e+02 -2.354296042274106071e+02 -1.369441692980908783e+03 -2.204370945711410968e+03 -5.410856021633256887e+02
-4.527224971266772968e+02 -7.652349944108859745e+02 -2.363025513106882158e+02 -1.367327855748686943e+03 -2.205434555060879120e+03 -5.440072703906506604e+02
-4.527960073095432563e+02 -7.654270404312931078e+02 -2.357984980597288143e+02 -1.369258952584510098e+03 -2.204393718970914506e+03 -5.422475115661164864e+02
-4.542131575324225423e+02 -7.590906635121888257e+02 -2.366439630162603862e+02 -1.370719164975839021e+03 -2.202407345726863696e+03 -5.390064676985119831e+02
-4.554702300250116309e+02 -7.602300449598767500e+02 -2.360646635793382018e+02 -1.368325055811425045e+03 -2.204575771860069835e+03 -5.407518365723838087e+02
-4.556670826576369109e+02 -7.627462332298875936e+02 -2.370305427939498486e+02 -1.376407874973909429e+03 -2.197708595934361711e+03 -5.448110541533237665e+02
-4.454347980984907167e+02 -7.623211969295981589e+02 -2.314132205782824201e+02 -1.368583720871491550e+03 -2.198998762403944511e+03 -5.433029251260802539e+02
-4.504165786381411181e+02 -7.648463041065967900e+02 -2.292951839949012651e+02 -1.365999538615557640e+03 -2.197642151895453026e+03 -5.402897249612713040e+02
-4.532491524422915177e+02 -7.626807460749025722e+02 -2.356215342394916377e+02 -1.376375501355094229e+03 -2.195610458060108613e+03 -5.437177738514453722e+02
-4.489768782404013905e+02 -7.578694331825039399e+02 -2.349255869905513237e+02 -1.373310142069350150e+03 -2.199142646177206643e+03 -5.485772619603484372e+02
-4.476269203628276045e+02 -7.569551183890297352e+02 -2.357170502206119806e+02 -1.375737463133861866e+03 -2.200662952094472075e+03 -5.494619175912461060e+02
-4.503666280690317194e+02 -7.586533164992785032e+02 -2.356278441362978242e+02 -1.373737895789838603e+03 -2.201918194423717068e+03 -5.484622998131852682e+02
-4.524541865300931249e+02 -7.663785841210078615e+02 -2.301510223399676249e+02 -1.365498728123913679e+03 -2.197346593779106570e+03 -5.408303714734363439e+02
-4.451787232117602002e+02 -7.648593590266578985e+02 -2.312153330360519590e+02 -1.368426488370507286e+03 -2.198730203335093393e+03 -5.434818630544475582e+02
-4.544452922306586515e+02 -7.611505650738046143e+02 -2.360430775597224624e+02 -1.368817039205052652e+03 -2.204386080673068136e+03 -5.387906012593867899e+02
-4.515948719798167303e+02 -7.651568594266252603e+02 -2.329889698880711251e+02 -1.368303400510873644e+03 -2.198194731360678361e+03 -5.410385932580040844e+02
-4.549922947736033620e+02 -7.616114889785864079e+02 -2.381679419974936991e+02 -1.377557406855969475e+03 -2.195576763354173636e+03 -5.426739190404199462e+02
-4.529539494849794892e+02 -7.667115666396992992e+02 -2.367572987968950713e+02 -1.369600863290486814e+03 -2.202098071234240251e+03 -5.427788079950604470e+02
-4.467034815882627186e+02 -7.633769081482693082e+02 -2.311717999537083017e+02 -1.366875032744690770e+03 -2.199067156586035708e+03 -5.416003160224347539e+02
-4.496559613262613766e+02 -7.567158400616173139e+02 -2.347292721801531172e+02 -1.373920517353270270e+03 -2.200545560406146251e+03 -5.484396329962995651e+02
-4.538451227851417684e+02 -7.658039663763956924e+02 -2.380840060461241308e+02 -1.369548413258312394e+03 -2.204730006216268521e+03 -5.432477233984099030e+02
-4.529698105833587647e+02 -7.643277759213212903e+02 -2.366595454999004176e+02 -1.368512436724364079e+03 -2.200897962606059991e+03 -5.379082492689881292e+02
-4.504903328118986678e+02 -7.635817644262284603e+02 -2.300045113137505837e+02 -1.366104206761392561e+03 -2.197001268951366455e+03 -5.419457765164333978e+02
-4.531149810477676851e+02 -7.622316183244383865e+02 -2.361157373164531634e+02 -1.376856881467917219e+03 -2.197156984348063816e+03 -5.434543202037583569e+02
-4.526807956967959399e+02 -7.646196337884886134e+02 -2.351179243501606777e+02 -1.368635638002974929e+03 -2.200735419545480454e+03 -5.382898799378073136e+02
-4.545545656334764431e+02 -7.596096727282630354e+02 -2.374829328754250639e+02 -1.369540522562645720e+03 -2.203776529529908203e+03 -5.390074217584034386e+02
-4.463428108897914512e+02 -7.637503682246509698e+02 -2.337778820590337148e+02 -1.368083252323542865e+03 -2.200549289238704205e+03 -5.409737012684015554e+02
-4.499295834420340157e+02 -7.592636972116431480e+02 -2.349975835292846398e+02 -1.374143351192396494e+03 -2.202405733320328636e+03 -5.478204599731137705e+02
-4.454548703691511946e+02 -7.645688466931778748e+02 -2.314146666652584940e+02 -1.367834715936346129e+03 -2.198824162720004551e+03 -5.432454031690289185e+02
-4.463778666796168864e+02 -7.578779126651262459e+02 -2.357864288361238891e+02 -1.373553142388475862e+03 -2.202123030657923664e+03 -5.475674473551002848e+02
-4.492998954224360659e+02 -7.567993918711339347e+02 -2.346873784349735104e+02 -1.373707814114770599e+03 -2.201988042250924991e+03 -5.480959955944931608e+02
-4.530643978102456799e+02 -7.666644522998536786e+02 -2.372605698853836032e+02 -1.368751489990553864e+03 -2.200689539378060999e+03 -5.384555681013632693e+02
-4.543818230622125611e+02 -7.627904958034694118e+02 -2.376461019303934847e+02 -1.377383800278003491e+03 -2.195396353252146127e+03 -5.432822833203573509e+02
-4.536375921999987781e+02 -7.595660704732946442e+02 -2.368017543241731460e+02 -1.368884850099463620e+03 -2.204702155741266324e+03 -5.401563625806360278e+02
-4.533736597708092404e+02 -7.645205603033176658e+02 -2.356031283461061605e+02 -1.377842770433739815e+03 -2.195441749711203101e+03 -5.438228116820901050e+02
-4.516276698586312364e+02 -7.643596647742346022e+02 -2.383727247640466373e+02 -1.369374353739452317e+03 -2.201839448702473419e+03 -5.445682122983804447e+02
-4.529179238485471046e+02 -7.599235185346525441e+02 -2.347529308126227932e+02 -1.378704129528648309e+03 -2.194653341323551558e+03 -5.449819170795266245e+02
-4.457323182164476520e+02 -7.650827302690020133e+02 -2.334022101375092575e+02 -1.368651086649156241e+03 -2.199071707270130446e+03 -5.419844722559190586e+02
-4.456543713691909829e+02 -7.636134698197690795e+02 -2.333867183828245118e+02 -1.368409605019252922e+03 -2.199434775165901101e+03 -5.429976200086780409e+02
-4.467977672008573791e+02 -7.624308609758744524e+02 -2.318014446254407801e+02 -1.368213910624441041e+03 -2.200428981116771411e+03 -5.426524453015675817e+02
-4.536919794751544259e+02 -7.632391708342017864e+02 -2.371650044203352081e+02 -1.375142183897526820e+03 -2.196386220130580114e+03 -5.440255108438453817e+02
-4.511562773533393624e+02 -7.640546777138014249e+02 -2.351436961389095757e+02 -1.368398330904566819e+03 -2.201344904999964001e+03 -5.387289590420856484e+02
-4.522005530781998459e+02 -7.632802537128779932e+02 -2.370394207860352651e+02 -1.376567179230540887e+03 -2.196367571755879453e+03 -5.434196312563337870e+02
-4.525376724495765188e+02 -7.653867972911539255e+02 -2.366402297347675869e+02 -1.368715940900679925e+03 -2.203483766017889138e+03 -5.451848267757306985e+02
-4.477697598681917270e+02 -7.581473064879613730e+02 -2.359379078939072656e+02 -1.375238037403429871e+03 -2.198650430720504119e+03 -5.474252851516672536e+02
-4.495715555144774385e+02 -7.659818887326435970e+02 -2.299520606175866249e+02 -1.366605624465073333e+03 -2.196006400672657037e+03 -5.413022782692505643e+02
-4.509210352047815036e+02 -7.638222566251484977e+02 -2.315464127430071528e+02 -1.369174454352006023e+03 -2.198098219207755392e+03 -5.412549542047206614e+02
-4.540508386636303726e+02 -7.607715877713111468e+02 -2.375491633863856862e+02 -1.369567268895477810e+03 -2.204208272137389486e+03 -5.398076129052891474e+02
-4.519370807098201794e+02 -7.649481352906137772e+02 -2.310240811899646758e+02 -1.370083813118612852e+03 -2.197073079601863355e+03 -5.430882091208419524e+02
-4.449798638457596667e+02 -7.597558639432315886e+02 -2.323442314005643254e+02 -1.372780002851462314e+03 -2.201766724068976600e+03 -5.425315655061579037e+02
-4.530155076483621315e+02 -7.669150372277242695e+02 -2.384890346095677387e+02 -1.369553719600915656e+03 -2.202573314468512308e+03 -5.438013708704648934e+02
-4.535350751517578942e+02 -7.624453206978200797e+02 -2.361061869033644030e+02 -1.375821480927482753e+03 -2.196605349492844198e+03 -5.436095395075175247e+02
-4.537340975398756200e+02 -7.620876578502947041e+02 -2.361570248196826469e+02 -1.376175126714294947e+03 -2.197332744940848897e+03 -5.446087179454287934e+02
-4.532143540179774277e+02 -7.627639738340408257e+02 -2.388429446440155459e+02 -1.376731686945421870e+03 -2.196082985814554377e+03 -5.438541116249506331e+02
-4.545188141061811962e+02 -7.601653766037900368e+02 -2.359705419668888737e+02 -1.369596894877184241e+03 -2.203972218154861821e+03 -5.393640395011420878e+02
-4.521954048982516952e+02 -7.632424144804172101e+02 -2.308259163477248137e+02 -1.367236056962991597e+03 -2.196334583782550453e+03 -5.404014006769452862e+02
-4.516837329872676605e+02 -7.658207831991720695e+02 -2.367649270619135677e+02 -1.367374801569968213e+03 -2.199990279797801577e+03 -5.385913513429776458e+02
-4.539053222919332597e+02 -7.619531665640054143e+02 -2.358776730010859239e+02 -1.376485475876552755e+03 -2.196967419659691132e+03 -5.441868208646208132e+02
-4.442929496457363143e+02 -7.597260032551781705e+02 -2.302422001768327959e+02 -1.374494584526732297e+03 -2.203633891460513951e+03 -5.443639606283251169e+02
-4.541815424008392483e+02 -7.616997484744493931e+02 -2.367508343743549517e+02 -1.375625034704439940e+03 -2.197345790902480076e+03 -5.445676115888409186e+02
-4.533325654913512039e+02 -7.645617126781269235e+02 -2.345587117815001648e+02 -1.368055066935736704e+03 -2.200239927798811095e+03 -5.381871198581494582e+02
-4.532156716562429324e+02 -7.580004366373516405e+02 -2.372570379723281917e+02 -1.370512929534386330e+03 -2.203566915500229697e+03 -5.390523613758703050e+02
-4.479431470328439104e+02 -7.567800611907920256e+02 -2.347373105297684788e+02 -1.374179609743861420e+03 -2.200161904227998548e+03 -5.493720758917621652e+02
-4.491295288887660035e+02 -7.577139308221776446e+02 -2.358771767166509505e+02 -1.374295212755765533e+03 -2.201056534131318585e+03 -5.490589949733594040e+02
-4.507926140897873779e+02 -7.647117699599875777e+02 -2.300372313110887035e+02 -1.367474394237220622e+03 -2.198149406516549334e+03 -5.414259497415199576e+02
-4.470071957919299734e+02 -7.634750647200545473e+02 -2.318032494731967006e+02 -1.367194069638862402e+03 -2.199983970774457248e+03 -5.437931396194042009e+02
-4.531560180702579146e+02 -7.620197721697553561e+02 -2.366172004748556219e+02 -1.377751687137248382e+03 -2.197096662025028309e+03 -5.441455421897725273e+02
-4.510064559178075001e+02 -7.636575376968244200e+02 -2.290664910316673684e+02 -1.367838151411964645e+03 -2.196832630289665303e+03 -5.416005977348007718e+02
-4.484007019720511380e+02 -7.566290746793637254e+02 -2.345347560805734304e+02 -1.373573160904343695e+03 -2.199794724003383180e+03 -5.483740823818620811e+02
-4.523257775456203831e+02 -7.631194094227980713e+02 -2.358860809861196515e+02 -1.376705495522273395e+03 -2.195626867116382073e+03 -5.445059274972855974e+02
-4.542983235353144096e+02 -7.601852580289570369e+02 -2.370763488560121459e+02 -1.370851359180382815e+03 -2.203649747436747020e+03 -5.411841589376840602e+02
-4.476114318633913172e+02 -7.632948210757506331e+02 -2.342710026880086787e+02 -1.366002875478815668e+03 -2.199269601991253694e+03 -5.414806296304150237e+02
-4.515734983894858487e+02 -7.639914137955764772e+02 -2.298996770667606597e+02 -1.366018317982962117e+03 -2.196700374211487542e+03 -5.418827546169877678e+02
-4.455864805329189835e+02 -7.553495972863719317e+02 -2.362061653690363983e+02 -1.362402094426890471e+03 -2.190620399958255803e+03 -5.553527646157465369e+02
-4.482210527633870925e+02 -7.568418715287330087e+02 -2.350658987789155674e+02 -1.372940441630737041e+03 -2.199870032280578016e+03 -5.480107146139223460e+02
-4.456640716623632557e+02 -7.635614987095904098e+02 -2.334947837490543066e+02 -1.367409458535311160e+03 -2.197515368545095043e+03 -5.433142576098440486e+02
-4.538543847521022485e+02 -7.608208688774568600e+02 -2.369201224340096701e+02 -1.376187077005831270e+03 -2.197791287300914973e+03 -5.440773648439349017e+02
-4.441340189309918287e+02 -7.600260204910839548e+02 -2.326857948588656200e+02 -1.374208440495850937e+03 -2.202694305518341935e+03 -5.433309587464516426e+02
-4.542307819309422143e+02 -7.655103847350248998e+02 -2.357748708612081145e+02 -1.368416621185260510e+03 -2.198741250328200749e+03 -5.397883608874348056e+02
-4.555282567645494964e+02 -7.620158386227476512e+02 -2.375326164089349561e+02 -1.375565277594791723e+03 -2.195396753589935088e+03 -5.439752301878725120e+02
-4.522871258972020314e+02 -7.643956380386205183e+02 -2.359098239271658315e+02 -1.367943723871124121e+03 -2.201376243397691269e+03 -5.375554357193050237e+02
-4.531045258880027404e+02 -7.661982380938496817e+02 -2.360438784888428358e+02 -1.369427728741117789e+03 -2.203816817231050663e+03 -5.447851887157125930e+02
-4.507949087713618610e+02 -7.641268373043999418e+02 -2.292055345481010704e+02 -1.365826769339017346e+03 -2.199083161829161327e+03 -5.405815872353200575e+02
-4.527609213930035139e+02 -7.608527468826291624e+02 -2.384148198805759762e+02 -1.375566031208726145e+03 -2.196807242636259161e+03 -5.428597737862862687e+02
-4.527633185720358142e+02 -7.655490377570234841e+02 -2.374958381266548599e+02 -1.369375629311062767e+03 -2.203120613169109220e+03 -5.440272103542813511e+02
-4.546210040427066019e+02 -7.629295708374561400e+02 -2.360882565084551459e+02 -1.375950582817131817e+03 -2.195197982935963864e+03 -5.443316378183303641e+02
-4.542232681050634824e+02 -7.608084253310314580e+02 -2.375217137206178108e+02 -1.367677766565025649e+03 -2.203247285884445773e+03 -5.395169440246356771e+02
-4.488589808028821722e+02 -7.572768373933785142e+02 -2.350566163395224919e+02 -1.374746847597282567e+03 -2.202250891857862371e+03 -5.477144921819909769e+02
-4.524368929641994441e+02 -7.660825029803014559e+02 -2.372428445477789012e+02 -1.368788706538691713e+03 -2.202092943913880390e+03 -5.446140008348899073e+02
-4.463121992358533134e+02 -7.596978687470624436e+02 -2.317190650298452965e+02 -1.374765039187710045e+03 -2.203269029155148928e+03 -5.449568336431532316e+02
-4.537099419880387927e+02 -7.615662484305789803e+02 -2.369575727111583774e+02 -1.376393280733756228e+03 -2.197382580110507661e+03 -5.433612648558607816e+02
-4.556941696113066200e+02 -7.631140895827788881e+02 -2.241748262905604463e+02 -1.376944068783516286e+03 -2.207337844900783693e+03 -5.437625772353246703e+02
-4.532826173644317009e+02 -7.596291067502911574e+02 -2.367639563907810043e+02 -1.369664595808354306e+03 -2.203381373900164363e+03 -5.405894520999927408e+02
-4.515280026815024712e+02 -7.642114262872162271e+02 -2.302922770163905852e+02 -1.368013065080488104e+03 -2.196991272983125327e+03 -5.417435041754073382e+02
-4.534975628191830310e+02 -7.596926811973296481e+02 -2.371367014610979425e+02 -1.369911935583685590e+03 -2.204767932371935331e+03 -5.382289648470476777e+02
-4.466402683564499512e+02 -7.647312577535722085e+02 -2.325441155148632220e+02 -1.369654152342965745e+03 -2.199845600906653999e+03 -5.430160194311765736e+02
-4.523666845938054735e+02 -7.650801195012821836e+02 -2.383468061284785904e+02 -1.368004282439354938e+03 -2.199288281294582703e+03 -5.382063648661501247e+02
-4.469461521370153037e+02 -7.688231606002632361e+02 -2.302649426225715104e+02 -1.364657518268297281e+03 -2.206985785201687122e+03 -5.443280215533686714e+02
-4.455551523842106576e+02 -7.645672132000638612e+02 -2.309582431078796958e+02 -1.367072934591294143e+03 -2.199445740989287970e+03 -5.421565816416936059e+02
-4.547122605607285095e+02 -7.630397981824216913e+02 -2.354340200577622966e+02 -1.374817405626291247e+03 -2.196162203765681625e+03 -5.433007079289969852e+02
-4.535012712022223695e+02 -7.636498418690339349e+02 -2.300247545096250406e+02 -1.367912399852572889e+03 -2.196919326040212127e+03 -5.409825846261283004e+02
-4.510418490088122780e+02 -7.643634846671436662e+02 -2.306669099619205952e+02 -1.366684944689815893e+03 -2.197218239857832486e+03 -5.400955520634500999e+02
-4.549032624143388830e+02 -7.629972828998272689e+02 -2.359459164357448344e+02 -1.375473560135950720e+03 -2.195524961813367554e+03 -5.435361524733089027e+02
-4.457448610401408473e+02 -7.638064624133266989e+02 -2.324484114928888232e+02 -1.368668426576594356e+03 -2.199401335895538978e+03 -5.439482330275704953e+02
-4.537736280019523747e+02 -7.610507883070529260e+02 -2.371869110704056993e+02 -1.376595398187688488e+03 -2.196294633875995260e+03 -5.431803679574313719e+02
-4.531591487647309577e+02 -7.632122904972502511e+02 -2.374064666507545383e+02 -1.368440111522333154e+03 -2.199917598384172379e+03 -5.377722329164187158e+02
-4.511864747069436703e+02 -7.632642379055198489e+02 -2.312115019132414488e+02 -1.367786171120066001e+03 -2.196988245164088767e+03 -5.414831530907058550e+02
-4.521888314178549422e+02 -7.672640548676597518e+02 -2.374010466410751690e+02 -1.368799617406136122e+03 -2.202640515093261911e+03 -5.430258977570326806e+02
-4.495255227829497926e+02 -7.578085326355342204e+02 -2.366463767520528165e+02 -1.372611672160605394e+03 -2.199902819411881410e+03 -5.462773873253510146e+02
-4.523824445181555802e+02 -7.640912222942536118e+02 -2.299289049784680969e+02 -1.366572533461068815e+03 -2.197137860326019108e+03 -5.405324400663621418e+02
-4.499286383664932032e+02 -7.654443859113779354e+02 -2.313908775850531185e+02 -1.367665308380409897e+03 -2.197656757103834934e+03 -5.401436638062350539e+02
-4.515821955837600967e+02 -7.655387239866161053e+02 -2.295669817504264358e+02 -1.368146285544459261e+03 -2.198539650308301589e+03 -5.408016242149503796e+02
-4.530958157616979634e+02 -7.656630919646383973e+02 -2.362295193646454550e+02 -1.368589494838509836e+03 -2.199865206085613863e+03 -5.387978969156883977e+02
-4.535321294740990083e+02 -7.647936719844501567e+02 -2.370549116996947987e+02 -1.367094689062796306e+03 -2.199648560833913507e+03 -5.388572723907268482e+02
-4.550449729470757347e+02 -7.619709873684129207e+02 -2.377070434484325574e+02 -1.377262560708452384e+03 -2.196165933786736332e+03 -5.436094903809846528e+02
-4.543001347931829628e+02 -7.645098350404481380e+02 -2.366459873599625894e+02 -1.367913082169033714e+03 -2.200601195671857568e+03 -5.388274687610322644e+02
-4.462817420747090296e+02 -7.634822355928348543e+02 -2.323643314533744046e+02 -1.366440267458263634e+03 -2.197769436952787601e+03 -5.427543072862143845e+02
-4.535819950443527659e+02 -7.625208022553304090e+02 -2.361868422493665491e+02 -1.377506229706857766e+03 -2.195460383801637363e+03 -5.435339138887948138e+02
-4.516629217915914865e+02 -7.665400343199737563e+02 -2.385641831114719196e+02 -1.368202849046982465e+03 -2.204402572569894801e+03 -5.436133214564230229e+02
-4.508869647629226733e+02 -7.642732777170683676e+02 -2.300730387645574524e+02 -1.367739219793895927e+03 -2.198447545453484508e+03 -5.413186564703692056e+02
-4.534032145085201932e+02 -7.619957893613698161e+02 -2.353851709936871544e+02 -1.376354345903766443e+03 -2.195999268206079705e+03 -5.446467324259639327e+02
-4.536172538157937311e+02 -7.609669260138559821e+02 -2.373485220953649559e+02 -1.376049567060406616e+03 -2.195626023496920880e+03 -5.444973003360418033e+02
-4.527812922988425157e+02 -7.658647661318145765e+02 -2.377202003534856942e+02 -1.369581156777941260e+03 -2.203854352506612031e+03 -5.432169027335850160e+02
-4.480102527136160688e+02 -7.644804687039211331e+02 -2.312191637817400363e+02 -1.368287556707906333e+03 -2.199403114261701376e+03 -5.434183701499737253e+02
-4.499088018501655029e+02 -7.637160743537735925e+02 -2.305467855155056611e+02 -1.366272344346790078e+03 -2.197622926216755786e+03 -5.424768607968587730e+02
-4.529231146271791317e+02 -7.629998250996467277e+02 -2.369177293898362961e+02 -1.377131644085176276e+03 -2.195893795661550939e+03 -5.448120082678032077e+02
-4.512513520960211508e+02 -7.650152440588992704e+02 -2.373422221119649294e+02 -1.367473542270197640e+03 -2.202981661953873754e+03 -5.450391890942133841e+02
-4.512207061425889947e+02 -7.664350274998124632e+02 -2.385108961980527056e+02 -1.369674641123267747e+03 -2.203647136876027616e+03 -5.418149704513956522e+02
-4.529614543928876174e+02 -7.624171589695215516e+02 -2.369834072905125879e+02 -1.377228366850292559e+03 -2.197359631254477335e+03 -5.445365865672133623e+02
-4.511698823140446848e+02 -7.659410341795156683e+02 -2.304518247247928855e+02 -1.368541456761041445e+03 -2.196759830720476657e+03 -5.414023320662832930e+02
-4.531820885810481059e+02 -7.613169838113811920e+02 -2.365804987059423752e+02 -1.375937724941374199e+03 -2.197255737189077081e+03 -5.436733987954684153e+02
-4.449844158708256145e+02 -7.561497520471192502e+02 -2.419447322760513259e+02 -1.373782361674741651e+03 -2.194232238878735643e+03 -5.247578614878165126e+02
-4.502871485508175624e+02 -7.631414686947608743e+02 -2.309609569634720287e+02 -1.368743580968515971e+03 -2.197233208972156717e+03 -5.405741067897458834e+02
-4.513821065256207703e+02 -7.634781264465930235e+02 -2.309853192894735798e+02 -1.367347616271257039e+03 -2.197763695783230560e+03 -5.425882991420197641e+02
-4.450015870534712690e+02 -7.640286573945113560e+02 -2.328379270977603142e+02 -1.367082981602302198e+03 -2.199053462744343506e+03 -5.416892364928278312e+02
-4.488891750660417301e+02 -7.568123600983583401e+02 -2.349058534053976359e+02 -1.372794950883185493e+03 -2.201039221837634159e+03 -5.470811024511650658e+02
-4.534324831002131191e+02 -7.598204812991180006e+02 -2.363847869203939922e+02 -1.370604512131536922e+03 -2.204034682625085679e+03 -5.413767475974520949e+02
-4.462818767189525033e+02 -7.641372407422784363e+02 -2.327774744090940828e+02 -1.367550679406998370e+03 -2.198628537297850471e+03 -5.416988681865055923e+02
-4.463741362572627054e+02 -7.643820260262700685e+02 -2.310618495274304678e+02 -1.368787160680600209e+03 -2.199551435600076275e+03 -5.427748322221270882e+02
-4.537595782212675886e+02 -7.572381168225311967e+02 -2.351542496484079550e+02 -1.370087008848935739e+03 -2.204180335408008432e+03 -5.408720648002058624e+02
-4.540251464540294251e+02 -7.590117615888967748e+02 -2.353136162066799386e+02 -1.368338118717001862e+03 -2.204363160121175042e+03 -5.397279234434258797e+02
-4.538869380249848859e+02 -7.636406107126956613e+02 -2.350019806837939598e+02 -1.366495919887383252e+03 -2.200936561588900531e+03 -5.384647771284219289e+02
-4.535830835589718504e+02 -7.651352083779843269e+02 -2.384635118498895281e+02 -1.367768622583548449e+03 -2.202159425179878781e+03 -5.436535658508726101e+02
-4.463935207865302459e+02 -7.636963858012892388e+02 -2.322925619089852205e+02 -1.368378203987736697e+03 -2.200261048961196138e+03 -5.439624833103773653e+02
-4.518369797357331663e+02 -7.634710273052530738e+02 -2.306730822607397329e+02 -1.367437518172426962e+03 -2.197087476101122775e+03 -5.414410254436162404e+02
-4.531651298499986638e+02 -7.615006623456046100e+02 -2.359835837687458877e+02 -1.377526949200776016e+03 -2.196372269376005079e+03 -5.441244778389624344e+02
-4.538844176757490345e+02 -7.651076386058695107e+02 -2.303581814727470771e+02 -1.368226054979737683e+03 -2.197339884477051328e+03 -5.432620333431048039e+02
-4.466396968966531631e+02 -7.641739386332347976e+02 -2.319159385439369601e+02 -1.366967089689609338e+03 -2.198301616058659420e+03 -5.424281765478416446e+02
-4.529581226863547272e+02 -7.638240830233440875e+02 -2.357809136873130171e+02 -1.368775071680419842e+03 -2.199702149904293947e+03 -5.381732197674193685e+02
-4.480527524137424393e+02 -7.570375781855952937e+02 -2.340400719624176986e+02 -1.373184758532807791e+03 -2.201518037384208128e+03 -5.478395932550694170e+02
-4.476245186656603323e+02 -7.570243704715754802e+02 -2.353601221910467416e+02 -1.373879507588369279e+03 -2.200760526248741826e+03 -5.465979643556017891e+02
-4.514043214889574074e+02 -7.645557704653334667e+02 -2.296587183938806334e+02 -1.367786263717292286e+03 -2.196859189991146195e+03 -5.395218517934628153e+02
-4.447034861406103232e+02 -7.596003454178254515e+02 -2.316538327294893804e+02 -1.374695514728334729e+03 -2.203042416228989168e+03 -5.431688732501793311e+02
-4.530395235613561908e+02 -7.601489618957392622e+02 -2.378385208636606762e+02 -1.370105212743961374e+03 -2.204481847964328153e+03 -5.386561452333960460e+02
-4.519416109121810337e+02 -7.651986042821125693e+02 -2.305298076593498422e+02 -1.367270770844298795e+03 -2.197794651913115104e+03 -5.416862917113321600e+02
-4.453549628866327907e+02 -7.651035846814170327e+02 -2.332425476177285475e+02 -1.368207158794830775e+03 -2.198218265971385790e+03 -5.434190669082705654e+02
-4.533578697846144223e+02 -7.656052989254127397e+02 -2.358523067100725257e+02 -1.367658728750666342e+03 -2.199335258080948734e+03 -5.383671378091496535e+02
-4.496812395523127179e+02 -7.662014880953751117e+02 -2.303564597840531860e+02 -1.368392259740407326e+03 -2.197880860245756139e+03 -5.419290803910402019e+02
-4.541003929419179030e+02 -7.610856876253544669e+02 -2.369179477158131704e+02 -1.374814953018213828e+03 -2.194793634669378662e+03 -5.443792390072060243e+02
-4.534520565006540664e+02 -7.593849669508085753e+02 -2.209682262210970407e+02 -1.366815953378096083e+03 -2.188977211100404020e+03 -5.553843900606782427e+02
-4.537655334712550257e+02 -7.625669548736021852e+02 -2.369305568957427397e+02 -1.375005648057485132e+03 -2.195871066022118612e+03 -5.451487134881300562e+02
-4.474428557026812996e+02 -7.644251621013207796e+02 -2.319841598439585368e+02 -1.367285202369136414e+03 -2.198982946705014001e+03 -5.428381826326833561e+02
-4.537268560092430789e+02 -7.591023463621675091e+02 -2.348687620603687094e+02 -1.369702005569776020e+03 -2.204600357554195853e+03 -5.405139054186272460e+02
-4.537612629582633303e+02 -7.648201718677271401e+02 -2.353372539171700737e+02 -1.369193319746104862e+03 -2.200635475355493327e+03 -5.378629598962727414e+02
-4.533303512446867103e+02 -7.604529450834456838e+02 -2.373875583104467637e+02 -1.375639757567424340e+03 -2.197600518660667149e+03 -5.434261384341966732e+02
-4.456879061662627350e+02 -7.634444964270525134e+02 -2.309834723120328022e+02 -1.368264679502816080e+03 -2.199997673432170359e+03 -5.423563305587246077e+02
-4.495463108157423449e+02 -7.568648242418863674e+02 -2.357342056033992321e+02 -1.374660329646892251e+03 -2.202559525453155402e+03 -5.491710029617149758e+02
-4.532590343021313970e+02 -7.667774194243746706e+02 -2.402895166996827641e+02 -1.370799628318625082e+03 -2.201768100684532783e+03 -5.430302172426783045e+02
-4.527141780760556458e+02 -7.636831184008550508e+02 -2.368868090251970102e+02 -1.376213572976128489e+03 -2.195365163587255665e+03 -5.441589872438900102e+02
-4.514734335897324513e+02 -7.657644393038517592e+02 -2.296800809097968852e+02 -1.367597122227322416e+03 -2.196265005734670922e+03 -5.394860505480132815e+02
-4.518227735351767933e+02 -7.656657105582402210e+02 -2.296500206149034966e+02 -1.367588367278271107e+03 -2.196232075773715223e+03 -5.412310226878231560e+02
-4.539263198188019715e+02 -7.674019358848665888e+02 -2.370644714820854233e+02 -1.369466481112075599e+03 -2.203852095468300377e+03 -5.439593884042683385e+02
-4.459281142809981020e+02 -7.628569309383103700e+02 -2.323820021846599673e+02 -1.367260427821797748e+03 -2.198310140752972984e+03 -5.421069065232261437e+02
-4.534216283938948209e+02 -7.607246088628232883e+02 -2.355171539462211854e+02 -1.369877544413724308e+03 -2.203679212138387356e+03 -5.405579757034071235e+02
-4.550442974233486666e+02 -7.592995149741032037e+02 -2.370151954652449717e+02 -1.369580870888181380e+03 -2.202476714280440774e+03 -5.387973806174557012e+02
-4.534346488125009387e+02 -7.655033313070264285e+02 -2.380332503954129209e+02 -1.368444010899831483e+03 -2.198745469565835265e+03 -5.379534856622119605e+02
-4.464582189701544621e+02 -7.637427372918599531e+02 -2.322863135431050523e+02 -1.368079629134198285e+03 -2.200956569648107688e+03 -5.415526132577462022e+02
-4.522105722420245684e+02 -7.638894640928162971e+02 -2.315636082123040183e+02 -1.367597103411081434e+03 -2.197842481925643824e+03 -5.417443605350714506e+02
-4.517308517798587104e+02 -7.657896636353546000e+02 -2.295708426006630418e+02 -1.367117036839555567e+03 -2.199062422998312286e+03 -5.426333937150989186e+02
-4.500959661405694874e+02 -7.594629950040628046e+02 -2.357286933300516125e+02 -1.373948509858271336e+03 -2.201383457672132863e+03 -5.488018486611105118e+02
-4.544508518893580913e+02 -7.595629200867986128e+02 -2.351208780731019772e+02 -1.368516201222868858e+03 -2.203903737947913214e+03 -5.390039258303791030e+02
-4.453494394224176745e+02 -7.594023915273521652e+02 -2.318986569941725406e+02 -1.374367922545720830e+03 -2.202682765964092141e+03 -5.443636289167485529e+02
-4.518916829792340764e+02 -7.638912007992034887e+02 -2.296840237108535803e+02 -1.365978869351183675e+03 -2.197253246362668506e+03 -5.415062096559327074e+02
-4.529696707188854248e+02 -7.653921836268957577e+02 -2.369270051092817937e+02 -1.367749006343334713e+03 -2.200712349925874605e+03 -5.381189769419361255e+02
-4.507013183189738470e+02 -7.653886802633691104e+02 -2.299801980266480541e+02 -1.367911907146095700e+03 -2.196881590446684186e+03 -5.423004440596052973e+02
-4.521954136925149328e+02 -7.619246898989993042e+02 -2.362480738160925569e+02 -1.376722597462363183e+03 -2.196191094694887852e+03 -5.452405018817280506e+02
-4.529670546018178925e+02 -7.595542176965410590e+02 -2.363551028618495593e+02 -1.368138464880181573e+03 -2.203231051472392664e+03 -5.397826512997497730e+02
-4.535242380137441955e+02 -7.624588267272373514e+02 -2.377619981701589325e+02 -1.375579185974851498e+03 -2.196314629238685939e+03 -5.457897477470750118e+02
-4.552404980383444126e+02 -7.597448767862903196e+02 -2.360364371569744435e+02 -1.368926983041463018e+03 -2.204393981353746767e+03 -5.408226952305759596e+02
-4.528334453916507414e+02 -7.623154300109409860e+02 -2.350998794062027457e+02 -1.368515949437959307e+03 -2.200420996892471067e+03 -5.388306768144099124e+02
-4.475342631501804362e+02 -7.570019161500595146e+02 -2.359797909773055835e+02 -1.374065897362118903e+03 -2.201037895828409091e+03 -5.462440805674788180e+02
-4.545306898470378201e+02 -7.598281079786100918e+02 -2.361376896599874442e+02 -1.370047274961681751e+03 -2.203689166221904088e+03 -5.400185118004947071e+02
-4.542697933769298970e+02 -7.585504198355440622e+02 -2.360186577561775607e+02 -1.369515819120641027e+03 -2.201944009878512588e+03 -5.392221240669815643e+02
-4.458302946060644558e+02 -7.634714765191944252e+02 -2.331116146689533082e+02 -1.368036957792380235e+03 -2.200375882937585175e+03 -5.411650637716879828e+02
-4.509553084909982772e+02 -7.640680627882891258e+02 -2.310408312106950461e+02 -1.367582716042834591e+03 -2.198362855979915821e+03 -5.403285853244877899e+02
-4.491811378589850960e+02 -7.569827579250040799e+02 -2.353525197883476494e+02 -1.373825395118639335e+03 -2.201959805658868845e+03 -5.483093275348510360e+02
-4.515218098441294501e+02 -7.646754215333216962e+02 -2.310532497075572280e+02 -1.367023092655434084e+03 -2.196678326188004576e+03 -5.417942318529566137e+02
-4.450698194320934249e+02 -7.584029544677293870e+02 -2.316266203020499006e+02 -1.374859476695055037e+03 -2.203359028616398518e+03 -5.436549478143722354e+02
-4.514117283105189244e+02 -7.634480685374956010e+02 -2.294280485671920076e+02 -1.366063790667866897e+03 -2.196520961668222299e+03 -5.435478597385557578e+02
-4.536372285942163103e+02 -7.607548543640575645e+02 -2.359080052625857604e+02 -1.370974346018965434e+03 -2.203573107969888497e+03 -5.399301479490928841e+02
-4.614443113074327130e+02 -7.652005162119442048e+02 -2.255438225094489724e+02 -1.358092635936995975e+03 -2.192479473709805916e+03 -5.546607268822598371e+02
-4.503760292476086988e+02 -7.450115817230952189e+02 -2.362913714084347134e+02 -1.355575905686320539e+03 -2.184298027678554263e+03 -5.364744927175260045e+02
-4.544072008571380934e+02 -7.635958266898633156e+02 -2.364547686966174354e+02 -1.370221655197217387e+03 -2.199289537828654829e+03 -5.380794439078272262e+02
-4.512584770747292851e+02 -7.624395976803716621e+02 -2.358780894761041793e+02 -1.368523781332362887e+03 -2.197966128256895445e+03 -5.396296632776900424e+02
-4.457122284577401956e+02 -7.638137291045861730e+02 -2.315672997140142115e+02 -1.367757810263579586e+03 -2.199509179979772853e+03 -5.431342088199374984e+02
-4.513136240467233051e+02 -7.647867023500648429e+02 -2.301659697094015655e+02 -1.368340411582903698e+03 -2.196549146305583236e+03 -5.432820869425333967e+02
-4.465050523663463764e+02 -7.631287631916035252e+02 -2.321544864089665907e+02 -1.368554436363578134e+03 -2.198272570645859105e+03 -5.423061549286077252e+02
-4.515757674687082499e+02 -7.643717330504181291e+02 -2.306339322172148059e+02 -1.367471433591336108e+03 -2.198162985746313097e+03 -5.403703074199177081e+02
-4.533178289230547762e+02 -7.674418501986054935e+02 -2.394758829166075600e+02 -1.368879941515427845e+03 -2.202937904438886562e+03 -5.425601544653243309e+02
-4.478156398329584817e+02 -7.626958375918086404e+02 -2.320263844344142683e+02 -1.368463013766408949e+03 -2.199346679037082140e+03 -5.426044347674391020e+02
-4.517806998912806762e+02 -7.612295516636498860e+02 -2.357529727339667431e+02 -1.376987354698444506e+03 -2.195714772156430627e+03 -5.444842147579699940e+02
-4.548112161724165503e+02 -7.643518376462278638e+02 -2.370399481252605938e+02 -1.367707280587688729e+03 -2.200667936508924413e+03 -5.385123191757930954e+02
-4.526964233077711128e+02 -7.615966400063789479e+02 -2.378579543613029159e+02 -1.375964457979985355e+03 -2.196869931426635048e+03 -5.433114478172872168e+02
-4.549253369388320039e+02 -7.632336034736986221e+02 -2.352533694460899198e+02 -1.377145967758788402e+03 -2.196861424645464922e+03 -5.438432365754205193e+02
-4.510988317108621004e+02 -7.642019069962973390e+02 -2.313207606372712348e+02 -1.367721758773527654e+03 -2.197055839846953859e+03 -5.418549402347263140e+02
-4.506632891257365827e+02 -7.666530823369809013e+02 -2.374093185083827393e+02 -1.368480771259887206e+03 -2.203451334802213751e+03 -5.417199769648515257e+02
-4.466753097012319813e+02 -7.630093941504925397e+02 -2.321213742378622555e+02 -1.369246415524066606e+03 -2.198310868253962326e+03 -5.431080548491015634e+02
-4.547377683651883444e+02 -7.595392732368623001e+02 -2.371732755581199967e+02 -1.370098928448009246e+03 -2.203621456779406344e+03 -5.398153956415801531e+02
-4.538183217616431762e+02 -7.594552344951010809e+02 -2.362448395826683054e+02 -1.370227191475323934e+03 -2.205537133588390134e+03 -5.408738707141660598e+02
-4.521139546325172205e+02 -7.632397954874529660e+02 -2.288251999801848058e+02 -1.366660044202255676e+03 -2.196531836156790632e+03 -5.410754906423502462e+02
-4.508929257419248415e+02 -7.638728284174139844e+02 -2.291956596778821051e+02 -1.368028735150678358e+03 -2.196912883919067099e+03 -5.414199811645652289e+02
-4.460545231541876774e+02 -7.657177971261462517e+02 -2.323050338936018591e+02 -1.367859079896211369e+03 -2.198957011627425800e+03 -5.434757938194309190e+02
-4.519800006016429847e+02 -7.631041653118242039e+02 -2.366550209612566675e+02 -1.375885068956322129e+03 -2.194252766642520783e+03 -5.442743631585560706e+02
-4.480527950780383435e+02 -7.558937282225466561e+02 -2.343295462160739078e+02 -1.373711868695985004e+03 -2.201118026481203742e+03 -5.483461902566343724e+02
-4.531383563136849375e+02 -7.640615579342670571e+02 -2.310168248970099683e+02 -1.367128641660416633e+03 -2.195454787337427661e+03 -5.408358483823476490e+02
-4.422763493379732722e+02 -7.591244210110609174e+02 -2.182525992560256896e+02 -1.382206142223742745e+03 -2.200487585960136585e+03 -5.330881437626261459e+02
-4.558126372193430029e+02 -7.614424980188086920e+02 -2.368344107556209224e+02 -1.375645584870200310e+03 -2.196394786288562955e+03 -5.432808496066861608e+02
-4.536611316584935025e+02 -7.626930826499465184e+02 -2.369167133831866749e+02 -1.376685519028917724e+03 -2.195841066540623160e+03 -5.443775361611589005e+02
-4.443946814801628307e+02 -7.584374385291533827e+02 -2.316322802783905104e+02 -1.373769370283946500e+03 -2.203938395072634194e+03 -5.434062834249740490e+02
-4.535450585166703945e+02 -7.617339452932596942e+02 -2.359089353952117563e+02 -1.375998948122154616e+03 -2.196223912546728116e+03 -5.457535415469062627e+02
-4.538415827022490703e+02 -7.604291981551326671e+02 -2.371309257877326218e+02 -1.374629126976201860e+03 -2.195678107173618173e+03 -5.443447740373489978e+02
-4.474095757490416077e+02 -7.645703678845261493e+02 -2.308746638144963299e+02 -1.367094552250654260e+03 -2.197290555093114563e+03 -5.418757154202314723e+02
-4.532770482870691353e+02 -7.616776603213429553e+02 -2.363463947729078996e+02 -1.375416048520316281e+03 -2.196690889586287540e+03 -5.433102208097100174e+02
-4.511103498932600360e+02 -7.641510978657563555e+02 -2.363515208274694146e+02 -1.368606964399139315e+03 -2.199875941245575177e+03 -5.376577483940266120e+02
