0.978059957090033016 0.947565093352633947 8
0.244368254115701011 0.312669341667417 0
0.612607012723164979 0.75288818919348599 7
0.957580710891100972 0.952280254692090988 8
0.0759657364512977967 0.681801656365801034 3
0.38265607301886001 0.545335481338923955 5
0.660142835953278051 0.772596029302709986 7
0.226439783712192005 0.341216024655368988 9
0.490661388820634981 0.425713138967733995 2
0.418182461749599999 0.0306468810002679011 4
0.499340019537220015 0.444547101026306013 2
0.423397318726364991 0.0453204719830916994 4
0.405433264813228 0.48670560204749902 5
0.940995049771966019 0.942792118198121032 8
0.591709192082031987 0.166142451016689008 1
0.382598015713678019 0.128378911743876001 4
0.227436121981768991 0.685555107127887031 3
0.481633477864809978 0.400772036791821995 2
0.190494820539250986 0.701237104461781002 3
0.874831259251712012 0.468313026230795015 10
0.944629249794738945 0.972104834235562043 8
0.390165129958468027 0.149437593877961988 4
0.824622927166922981 0.474635856350459018 10
0.412353321027682018 0.102318222803325004 4
0.821479405013754049 0.460027861811640015 10
0.246757031301502006 0.322682249713432012 9
0.572558709045252967 0.224965784227724008 1
0.279527570852385998 0.26606362410346901 0
0.634175301598336016 0.251805847867393018 1
0.0687010820383432974 0.613202229389652964 3
0.607005419181234962 0.205929473816456987 1
0.82849778408375796 0.475004975323506995 10
0.849699000964875051 0.494745057752665973 10
0.59102842335836403 0.224048545815780986 1
0.973181270638435958 0.903823383242221001 8
0.420235068410234003 0.122700928022912006 4
0.0723499836690418979 0.637059322533268024 3
0.415025829882356978 0.050311360748199703 4
0.223199811519768004 0.309309469569365003 9
0.664154408459735945 0.910928923473410035 6
0.499414932189067018 0.435281325359474003 2
0.395561650115965002 0.538442295697652007 5
0.647414239996163987 0.746005009789434959 7
0.233923557631801005 0.357399445654458026 9
0.510042228261846975 0.483419109022401983 2
0.848282215436800047 0.453283657924550998 10
0.685900614883045989 0.757067460939541026 7
0.572383600721559027 0.269173340270990991 1
0.246538848202994987 0.300491750969214988 0
0.983500488430489983 0.954082489196042993 8
0.52543958744104402 0.444196882723564002 2
0.599177983471272047 0.739832273228089976 7
0.525171774710686989 0.450544172534213028 2
0.427681386003918973 0.0626090262930559943 4
0.194169286112393008 0.700125300326091993 3
0.182524114382629998 0.691086332702939954 3
0.684904276613468976 0.864994735607418019 6
0.196385764198943991 0.633467083370856998 3
0.57769771696202199 0.273081331807937977 1
0.211809342806287992 0.670780341968716054 3
0.569595913664666997 0.236239478163610989 1
0.852284423861777052 0.528518331982490985 10
0.864606618682616013 0.51800177666300895 10
0.620309906149430046 0.728601939653494957 7
0.714518184297109005 0.811160067553219011 6
0.629379019063771028 0.190547663599199002 1
0.595629932998123945 0.294873804671578976 1
0.201809440192735001 0.649385894985652024 3
0.390043396899215022 0.545429984690457004 5
0.554955172269134045 0.209251544573894999 1
0.626110954626905025 0.749760684159793023 7
0.798093547923121038 0.471429413223130978 10
0.379233501237557002 0.544708423806394948 5
0.652157147266287041 0.723220807636759999 7
0.208920523669401004 0.600826737555298029 3
0.0835559799773464007 0.634389880803479023 3
0.192111061002871009 0.762311841047585981 3
0.917920080186501952 0.911223551569366963 8
0.376138672308089006 0.117427641007339004 4
0.382350803962579977 0.0715846210804735039 4
0.250335983243538007 0.378259114848254974 9
0.226320859877383013 0.656702678002622053 3
0.243046982218732999 0.338114091116796023 9
0.886765781099237982 0.501050099006158045 10
0.679525548210786035 0.885125061288203008 6
0.0921004234063081961 0.598557545314357009 3
0.85883647167402799 0.459645401188963021 10
0.215107372303894012 0.672734893639256981 3
0.281304873517479015 0.313095162651385983 0
0.964575679757402993 0.874392815966396952 8
0.124796424868602998 0.64172334088248395 3
0.475069256746632973 0.444194659115292989 2
0.925594881368324018 0.932531277829847016 8
0.20710482827023699 0.666096311145057962 3
0.357214800043149983 0.547740313684419 5
0.493276776778276027 0.497557922215959014 2
0.847872068667932965 0.514982116630476994 10
0.375434493380717993 0.575724423779712002 5
0.961551081439041999 0.931226019774547997 8
0.701694074708889004 0.873699050185727022 6
0.809210585457357023 0.464476190158531976 10
0.277034852362145978 0.337223536004108981 9
0.267473188761904013 0.330757283150941994 9
0.700267925099333999 0.930554490076591967 6
0.590643559609494995 0.212021048675896995 1
0.827634415771210996 0.473852034434798008 10
0.382322711718136976 0.0854132409201734943 4
0.956157370505990034 0.993607126219787973 8
0.684095219973510971 0.861315775722423016 6
0.954003631765361959 0.905325430629536965 8
0.236853578727204001 0.700519990794261971 3
0.845497337604352972 0.493274140881149015 10
0.683890146589076986 0.909928299751288971 6
0.213393745392872008 0.26134735095987599 0
0.97148637189037601 0.956486209737402948 8
0.0413125483186604012 0.611814697828312992 3
0.84993403941004797 0.508283496712951033 10
0.675689084028022968 0.854010110746809992 6
0.375815611496993995 0.134389324901411006 4
0.822034695045577024 0.49212787081725401 10
0.607079395424934054 0.770764887891229988 7
0.422369142579751999 0.0859480187094399939 4
0.0177152596322688004 0.673467572564676042 3
0.514691494717160025 0.48257302607514202 2
0.956251011320800037 0.997898690183548043 8
0.077365011147002602 0.640686027623885046 3
0.264578751176129001 0.34562988707405401 9
0.0743999683868609013 0.642971896926861963 3
0.683617651817979954 0.868078880279819054 6
0.0959166611730721957 0.625823429937995002 3
0.641086930139456945 0.877754911672720017 6
0.199510558189151005 0.658974093851834031 3
0.950478055087767948 0.947900858201611962 8
0.0596042514428177031 0.620500111736316029 3
0.561117674291775947 0.243320558703813999 1
0.191904114802141007 0.691058537599548051 3
0.547910573770982956 0.216665054550670005 1
0.197284716021118994 0.72393792130428003 3
0.362395009918434985 0.52808250476130103 5
0.214348881703932986 0.341711889299885996 9
0.295845419241164975 0.322402075071239025 0
0.920878193526348032 0.913851856546135988 8
0.358645631693444988 0.540499133348676053 5
0.925519968716476016 0.922033623180671946 8
0.407258324293872986 0.0892634186420647041 4
0.868324159030570031 0.464943147895521991 10
0.194238580315351989 0.723220807636759999 3
0.656721200580122955 0.885086148143453988 6
0.700443033423029049 0.872688420226385042 6
0.641999928083853977 0.724009076768963977 7
0.407027031481292989 0.122217293223886997 4
0.557317730026788971 0.246538119872497991 1
0.187276385734233997 0.651759596815348008 3
0.955904540306003025 0.891604655790999012 8
0.398067478320279 0.568909064427937983 5
0.673526917614062026 0.927979551698336014 6
0.0648389602723224989 0.662043785070472013 3
0.51211824512618298 0.481766968076767998 2
0.669900208856472945 0.732693378872831036 7
0.529596303210456032 0.404410971727933 2
0.889294083099105959 0.492592604945972012 10
0.0629922697634558021 0.626449375666388031 3
0.391035053128052978 0.508683746201799014 5
0.442647061026842981 0.097752043218050394 4
0.210537700541168993 0.660482812063963975 3
0.580446074876693974 0.232027964097620998 1
0.217752725322273993 0.339132503705087018 9
0.552221796884831972 0.451837200744019007 2
0.214913535817236989 0.320305212471328982 9
0.644958041423699946 0.742579541247378017 7
0.692069671762724048 0.904149141853977989 6
0.706682320913813999 0.857760226096489053 6
0.398295025500267019 0.517027836240145033 5
0.402845032691880989 0.0764587704113341982 4
0.40383387969627399 0.0550676588406774012 4
0.38805633880894902 0.0966002141334764974 4
0.199110711909913002 0.618994728936593019 3
0.21829022359928299 0.678952102366029986 3
0.360387350848909993 0.532617553830777024 5
0.330271528397887981 0.588676941960489031 5
0.264703293459826017 0.281313129628580016 0
0.213294486129173011 0.318640841680203013 9
0.177283037977717994 0.622371278096680025 3
0.208810963916074011 0.329030651328217016 9
0.232554528919279996 0.338881235970422023 9
0.372646806323826019 0.516993370311939038 5
0.794870431077363993 0.503231458720379998 10
0.211193186244837988 0.695390126512193008 3
0.649265518904956984 0.762280710531787031 7
0.857341964269661028 0.52772672743788096 10
0.662054981391697051 0.78938760716402101 7
0.685415555462331016 0.767198220223940019 7
0.261017590988906978 0.351324547857053027 9
0.500226798053469035 0.452767780805590991 2
0.641806091597198036 0.759388907974860028 7
0.925685712958689955 0.969114081110558967 8
0.400194997632760008 0.510767267152079985 5
0.250956821845727984 0.332940866473435015 9
0.0858473707157453997 0.635867468499809019 3
0.665632996925584974 0.92128982621389599 6
0.975690844475342045 0.953833445069648955 8
0.567053565542577021 0.19195187222257401 1
0.367917945175925021 0.576880700080828035 5
0.400617317707552989 0.0973862596574086997 4
0.324415231839675022 0.534137390084263974 5
0.0689455782058119998 0.634349855854594025 3
0.85477246031127696 0.490609146367902982 10
0.436982728138989973 0.0883939878079558067 4
0.408970078388599001 0.112666895698319003 4
0.844324954602932998 0.529985913441600953 10
0.62231662881080696 0.227588530183815002 1
0.665976658715937031 0.833825306663375954 6
0.241498163141776995 0.343430738493661014 9
0.665082388934502 0.780156297425395051 7
0.584754488766099034 0.253156689892254982 1
0.0881418516010332026 0.636904781758407035 3
0.779690318588525999 0.409148369150103997 10
0.491102437058390018 0.419550408643609984 2
0.916122176542152 0.898291045863031989 8
0.498335253594309024 0.416337294691469018 2
0.188579865876388003 0.682355334825374027 3
0.413312202971334974 0.126029669605165012 4
0.952402373832112015 0.939403339192541043 8
0.453264993018140994 0.0761085521085921035 4
0.877705095858228979 0.896325376151133946 8
0.957140599061493957 0.994318680866629001 8
0.210432822828582 0.627205402478655971 3
0.0565088606684606004 0.677355551627180974 3
0.0600518545376090979 0.666487666200821005 3
0.529314444357878999 0.441242819135038988 2
0.201391802158682992 0.685595132076772029 3
0.394864962453779 0.0571278319041090971 4
0.648569767650919005 0.76116223557128404 7
0.661807769640598953 0.710945378174618003 7
0.240286450998136003 0.33607504233194202 9
0.0600278824890178031 0.604362274706789049 3
0.240099169368515997 0.310645858140463027 0
0.512552738506900973 0.387454846854539015 2
0.453942952517364995 0.420070732979113015 2
0.203144758211924986 0.607000585920779989 3
0.851004353923324963 0.462571669674097019 10
0.563624438904237968 0.243964293298377988 1
0.257034110726891973 0.329290813495968004 9
0.842427791694884021 0.455031414025854009 10
0.709542111398109965 0.895795045578411053 6
0.858394487028125042 0.496200409366283013 10
0.378643564104253982 0.500048363479902003 5
0.395615025380405994 0.575229670939329973 5
0.343252018146840976 0.54038461752269995 5
0.504171885581412016 0.411211877625942024 2
0.396759316137384022 0.567597135547824982 5
0.837668965486243033 0.46262503627260998 10
0.558159560951929978 0.422009719391754023 2
0.538011803237425035 0.456494548268421008 2
0.241397031061782008 0.329940107111210024 9
0.586550519594153053 0.205232372623380011 1
0.605896711933884946 0.234020317108775994 1
0.675884793330975953 0.873130918272389978 6
0.498974820359461002 0.471560606111142977 2
0.242236052762479004 0.313741120854221012 0
0.464359556756821001 0.0928745584747825981 4
0.669392675640202994 0.886748295326309055 6
0.297439185909230019 0.270158398735212024 0
0.530637589071143001 0.474244501294695975 2
0.217077575047495003 0.706693839159743042 3
0.671651292093419006 0.772295842186074055 7
0.823948713300291957 0.481745843798190021 10
0.223624004410857002 0.719992128426719002 3
0.707239483761933019 0.860573090559782039 6
0.515877923840801 0.452828930033054022 2
0.229470000479440994 0.66069516665388095 3
0.59684819999880101 0.159726229349627991 1
0.141967341080300014 0.666185255475913007 3
0.385554256237227 0.116487054708546006 4
0.519189999460629048 0.466764283069780017 2
0.24832926058216101 0.289509349716879028 0
0.58979798305176101 0.222099553165918007 1
0.0987531350944798048 0.649296950654796978 3
0.492950906742738004 0.38797850660244898 2
0.343900948993474009 0.531780365316602999 5
0.656597594704574017 0.708930789080749024 7
0.684315275888313979 0.745353492565921982 7
0.687132928005945054 0.908656395820060969 6
0.825874904860931958 0.469782831298175996 10
0.550937981313788017 0.467581459109511988 2
0.186467329094275991 0.682366452866731033 3
0.0894841926813334937 0.644379440962644989 3
0.427639247637255027 0.0933593050779430028 4
0.501589271908953971 0.437541623167329974 2
0.792987314291536016 0.495399910388586995 10
0.490859907348031976 0.450869931145970015 2
0.672035219434140019 0.769355120247176005 7
0.923502009157321946 0.930203159969714033 8
0.241671398649175001 0.314075773899063992 0
0.213483640575089006 0.646454067479840022 3
0.688527239738464969 0.874317213285169981 6
0.579612671624884945 0.205571472884764989 1
0.400928205212721989 0.0800032019959107943 4
0.631198460095528047 0.787545347711184007 7
0.689058183158437032 0.872795153423411962 6
0.260300302347462986 0.309815340451102983 0
0.237230951210887997 0.656201254337426043 3
0.655738908432767054 0.770790459386351046 7
0.218192837151881008 0.691469905129753037 3
0.239358470523370004 0.676221511408777953 3
0.254935620067001989 0.315180907209939021 0
0.697235835515788049 0.900409032741519955 6
0.0524409163914874993 0.636407805309754049 3
0.523970363056675992 0.488444463715715982 2
0.659151179724441039 0.896224201974787027 6
0.502294387244472951 0.414789663334589997 2
0.173188125146080008 0.698753334022652051 3
0.603768256213255028 0.217106440792537991 1
0.404595179520679027 0.523447393319613985 5
0.484651521326133983 0.414909738181243992 2
0.231797911135616014 0.652532300689651956 3
0.368777567855880006 0.584187476860576038 5
0.597623545945427992 0.198186869815518002 1
0.829731033614805047 0.458301229988914982 10
0.648628761364248962 0.75054228246718202 7
0.480320633641174 0.474780390888097981 2
0.489829858385122996 0.476841675755664995 2
0.688338085292549029 0.892459633171344024 6
0.647914281947248982 0.936708325967630984 6
0.0806777422525335047 0.561595616823374999 3
0.795948236855826052 0.53238963398296002 10
0.373812634468210003 0.543682228589154048 5
0.353425156267791973 0.557097257290377956 5
0.572521252719328966 0.455636235475669005 2
0.28572846560909998 0.327686480128168978 0
0.355541438682495992 0.556700343213937021 5
0.815321585031853036 0.488199866805865024 10
0.67236764432671503 0.960373076995772013 6
0.226304940938864996 0.642053546710782963 3
0.25613609531286502 0.34005752474598 9
0.930716097530279951 0.950501368074988973 8
0.258449023438669989 0.293173856148109979 0
0.424886207681842987 0.0995531659178666012 4
0.580081812107082984 0.227600760029306987 1
0.817907944336902948 0.487422715715017996 10
0.946300738339096004 0.962209777427930013 8
0.328016657577265003 0.507779849439483955 5
0.26062898160744602 0.317942628682990003 0
0.209443975824188999 0.332767425028268005 9
0.709115109282576039 0.906611788014529019 6
0.645280165826646046 0.697230162356758054 7
0.836302745998166008 0.451162335633655986 10
0.701665982464446003 0.909432435106771964 6
0.677139580249428996 0.938327112789194007 6
0.651197328914486007 0.724777333426725012 7
0.0705592903674315958 0.658334806473813039 3
0.607475496071580023 0.759794716484386012 7
0.253625585067811021 0.31525095087048699 0
0.784383596226798985 0.517497017585406005 10
0.872464019453316975 0.536833515113310011 10
0.272294754316466991 0.301939319953882013 0
0.97526009672721603 0.89199267543435401 8
0.180552038822732991 0.689447533406934987 3
0.587517829211140041 0.253435752730312991 1
0.235211118835437993 0.306248672783813014 0
0.617996978023623966 0.71473774208145302 7
0.662244135837612991 0.832295464172667976 6
0.640294728846165007 0.892769826525200982 6
0.719008261367246049 0.938135882477855954 6
0.674891264285843007 0.89848338797850702 6
0.0462722340750685024 0.586173159046917025 3
0.920912840627827967 0.943612629650260049 8
0.058083150047045097 0.701394980649049038 3
0.477744574825752999 0.475557541978945009 2
0.985672955334079948 0.92568923517881696 8
0.859859029371751959 0.481961533800512987 10
0.396982181276630985 0.56918145644118201 5
0.454255712838829984 0.0813162426801594951 4
0.526802061296527957 0.437357063680805014 2
0.0529421756731651011 0.624513724666152958 3
0.378933850630164992 0.118325978748976005 4
0.289527473465938989 0.388829036766251024 9
0.226485667711448013 0.330521580674175974 9
0.0458679866775340006 0.595881432759754026 3
0.65383893630027401 0.940476230183481032 6
0.646976000982854016 0.918568129689729007 6
0.847248420841299033 0.49269489092645502 10
0.324176447761910014 0.547752543529910985 5
0.679839244940399046 0.723517659340988994 7
0.361951152456235992 0.521642935207390024 5
0.395883774518910991 0.121192209810782006 4
0.591179185070207946 0.187664755475356992 1
0.429651588747520019 0.0441430714033970023 4
0.294390240979018003 0.547464586258768038 5
0.379930188899743004 0.527139694854236951 5
0.0183442543494286014 0.598605352892191966 3
0.176279208442954999 0.649066807198709017 3
0.332858824111086027 0.516259579582383998 5
0.203877965791886995 0.644515081067199014 3
0.950482737128507948 0.897430509462008974 8
0.578783950413817028 0.216860732078551 1
0.921661030738158971 0.909609211964346964 8
0.939403155920196964 0.928072943245733972 8
0.630722764756293963 0.783967562002537033 7
0.422345732376048999 0.0438540023281177999 4
0.903004034795428012 0.96908072698648795 8
0.683439734269840948 0.725154235028723004 7
0.268747640251467024 0.295650955762425005 0
0.966148845446210047 0.959388018531550979 8
0.238662719269331997 0.662321736104394043 3
0.684890230491246976 0.946455512825217005 6
0.441042993869148026 0 4
0.687884863748869035 0.899172706542634037 6
0.657781214603772035 0.893950562517301983 6
0.958386021898466001 0.967268486245315029 8
0.193927692810182989 0.710586265438789999 3
0.016329431757570699 0.594235962638933968 3
0.225163459406332006 0.667060245330700963 3
0.210870125433744005 0.643242065331835033 3
0.409620882051528024 0.0838389262640378968 4
0.664683479063411964 0.730399726940904048 7
0.172775169152767999 0.660698502066287996 3
0.364465408333883023 0.547560201414436953 5
0.908804146864755968 0.895600479854664955 8
0.388116268930427 0.0885629820365805981 4
0.695014675388497039 0.875353414739632019 6
0.227429567124733001 0.315051937930198978 9
0.426786179814335975 0.111654042130705997 4
0.662519439833153978 0.886321362538204038 6
0.626365657643187967 0.211230555935422004 1
0.801867272759961947 0.482231702205486001 10
0.602886159737745952 0.207945174714461001 1
0.533762383061350043 0.492398039222226025 2
0.425793587177350996 0.0797374808074810953 4
0.360702920394819992 0.555212749280384998 5
0.176282017667400009 0.669914246547014036 3
0.848774766122700974 0.427117347591109975 10
0.513760705017949015 0.490332307138115986 2
0.400262419019422999 0.0659844636490078962 4
0.929794671912550053 0.953556605839862015 8
0.0243034434349547988 0.609114125582724042 3
0.640039089421734042 0.744381775751329022 7
0.167958285638944993 0.616185199885706969 3
0.116823845895685993 0.633335890482844999 3
0.711726751607624997 0.869059491527496952 6
0.684735723146810971 0.928821187429052952 6
0.696275080755838993 0.755328599271324008 7
0.64486720983333401 0.760393978913523005 7
0.800258523561527046 0.496937535508244987 10
0.190339376786667014 0.619188182856203029 3
0.682832005381724949 0.88099470892411802 6
0.943072939452597958 0.921446590597028048 8
0.992040530741155946 0.940061527240868999 8
0.039301143616543098 0.635891928190794986 3
0.25274255218415298 0.650974663095551964 3
0.214942564469828012 0.708013550668806002 3
0.548779560532419053 0.429536633390369016 2
0.681567854381791016 0.875254464171555946 6
0.372066233272004998 0.535968531495742972 5
0.449327396755383024 0.0994708924118256066 4
0.669821550572032964 0.929287033361906989 6
0.215194458261666999 0.649300286067204024 3
0.164847537770959007 0.660808570675720963 3
0.80317262571841197 0.486007389050286009 10
0.0845452951858133017 0.563226633490431006 3
0.611325069968416956 0.269286744292831004 1
0.192786211277649999 0.592536014115464971 3
0.366451530016001004 0.517422526708315011 5
0.635572422555299998 0.699016831602810029 7
0.652041032655922947 0.704321249134183036 7
0.408608624843433021 0.548545259878657987 5
0.897030687218703049 0.877316860843258994 8
0.37014097811951302 0.53918164544788505 5
0.662326539754645949 0.842860938874119947 6
0.0836611386123778944 0.635869692108080975 3
0.208334332168690989 0.378577090831063001 9
0.0903039243741796949 0.633746146208915007 3
0.247821727365891004 0.340182046809178018 9
0.526118483348416044 0.460878391975443003 2
0.599518836037181035 0.218544003539983989 1
0.394378030216766984 0.0566686567960694998 4
0.68109028622626 0.920467091153486017 6
0.47293424616896701 0.479146445728948989 2
0.378983480262014005 0.535273653910937952 5
0.487346503976362977 0.438705682097396021 2
0.639659844121754029 0.780945678361734008 7
0.346138964467430976 0.487169224372080989 5
0.0345071084615337989 0.641980167637827948 3
0.694980964695165015 0.891556848213164055 6
0.37242206836828301 0.557544202552925028 5
0.620995356913838004 0.731917339586120042 7
0.0802014850684101971 0.628420604398963967 3
0.643866189523015997 0.72655399643555596 7
0.186609663132787013 0.704274553360483946 3
0.955764079083788021 0.936807276535706945 8
0.463506488933903005 0.454083045098110982 2
0.651408957155956037 0.908723104068203003 6
0.214471551171334013 0.374302203929337995 9
0.247860120099962999 0.348719590767133991 9
0.173356678612738013 0.634475489721927022 3
0.507763010829373029 0.473916519074667975 2
0.598928898903878015 0.273312587068160973 1
0.819644981451627008 0.456423392803737005 10
0.953797621972779952 0.92114306806798496 8
0.387321258412690994 0.0850674698339742991 4
0.211204423142616005 0.670016532527498043 3
0.603283196792540055 0.741039692519448012 7
0.541844521787596012 0.452391991007727978 2
0.250449288629457978 0.337813904000159981 9
0.376037540228093992 0.100580472939243007 4
0.413524767620954026 0.48481108780028398 5
0.505029635445070957 0.414986452666606997 2
0.395975542517425005 0.105772598252910993 4
0.0545098165538980967 0.612777520209820015 3
0.674578503964377019 0.881827450221749021 6
0.164111520966552987 0.652445579967067979 3
0.538792767632940039 0.213801047097134989 1
0.0693336257423843999 0.567208004100334007 3
0.937579969255847967 0.995185888092466997 8
0.697151558782460046 0.738348014706944999 7
0.640780724675029001 0.802316777457949049 7
0.0877232771588327964 0.652553424968229989 3
0.841374332528271984 0.517485899544048999 10
0.923292253732147961 0.979275970910757021 8
0.538833033183307997 0.460165725524465996 2
0.0732877964293633943 0.607512015823196028 3
0.831473689178418018 0.511573325150454949 10
0.706285283859020008 0.858809769200579054 6
0.933719158461233989 1 8
0.84715946206722903 0.487814070770779984 10
0.699136744056430004 0.904954088048216976 6
0.298647152420278006 0.275798581115561992 0
0.856258540042310945 0.47499719269455698 10
0.605943532341289948 0.250034743879240018 1
0.453320241098878973 0.069664535338138503 4
0.831088825429548983 0.421907433411271016 10
0.292760890801326001 0.333644638491325973 0
0.389582684090351017 0.0913158090765466002 4
0.239819183332235009 0.651063607426407009 3
0.983097832926806969 0.96228093289261396 8
0.879855088966264964 0.475082801613004979 10
0.644665882081493002 0.689921161968737984 7
0.260851846746692984 0.304981216069127981 0
0.264608716236867991 0.329828926697642022 9
0.909975593458028031 0.496356061945278981 10
0.45625119860242902 0.0876513026453156069 4
0.218085150214849005 0.644707423182673045 3
0.697755542037983956 0.892888789567719998 6
0.105617662305750995 0.63709378846147402 3
0.481213030606312986 0.411618797939604986 2
0.49787454078544402 0.42485260256671098 2
0.254981504066259024 0.299357710750812023 0
0.634003938907234055 0.744520751268290981 7
0.287700541168997015 0.316262692633964004 0
0.954780850528283986 0.933697560368184964 8
0.892069596850073032 0.934584780068465015 8
0.372496044611981991 0.542024528622842006 5
0.698403536476468023 0.933983294031056954 6
0.239892223167785995 0.295933354012890004 0
0.412280281192130005 0.109046861432515005 4
0.609751904279610013 0.772340314351500967 7
0.0480103948795704005 0.614805450953315957 3
0.86174401897387598 0.503322626659507 10
0.515303905646017024 0.46189569275959802 2
0.924429989632089 0.93674946272065196 8
0.502724198584450055 0.516129498498508976 2
0.277257717501392997 0.290544439367205976 0
0.210497434990801008 0.672658179153895031 3
0.0504621923337389006 0.663212291217081029 3
0.711922460910577981 0.908263928960162947 6
0.853079434379512946 0.508963920843993001 10
0.195913814492301996 0.61527463229857704 3
0.604111918003607973 0.773835690914002949 7
0.836858036029988983 0.552366530693020996 10
0.045903476546347001 0.661695790376001014 3
0.53137922432443796 0.202850888164734011 1
0.0894500137839279036 0.673423100399249019 3
0.630596349656300958 0.737250664025020042 7
0.673992312463666976 0.760885396341496989 7
0.350877189696812974 0.556505777490191034 5
0.433330736361403013 0.0733434952231335063 4
0.056521221256015497 0.689948957072130997 3
0.218387610046685998 0.690890655175058988 3
0.632298739669544974 0.758347147499718988 7
0.364785659920533023 0.0813562676290442988 4
0.717932328405080034 0.88868950534722202 6
0.583026815732854975 0.216126941348995988 1
0.933312757324958997 0.876723157434801004 8
0.398953320428379998 0.110607834439023001 4
0.67356531034813405 0.892094961414838017 6
0.505414499193939992 0.49072699760628602 2
0.515153143934172997 0.413936909562515998 2
0.650218782399721973 0.865834147729863002 6
0.175044086095612006 0.703828719902071964 3
0.361310649282935992 0.0387508213453051989 4
0.698534633617202028 0.766868014395640007 7
0.209530125373813991 0.630101652252125999 3
0.235508896626532988 0.684537806343731958 3
0.97059678414968098 0.924018193562876955 8
0.799720088876370028 0.467595912563275984 10
0.236862942808685001 0.316499506914866002 9
0.0386126963460605016 0.623900008783253024 3
0.354304443518856982 0.514390636830290959 5
0.971589376786667014 0.953525475324062954 8
0.815623108455540979 0.511633362573782002 10
0.860499532545051959 0.517036730673230971 10
0.644602206327422045 0.241368230641544002 1
0.520541236418336051 0.476888371529363975 2
0.219544074109588011 0.667453823994734963 3
0.434900156417616979 0.1314263668798 4
0.920564496796735021 0.969970170295038958 8
0.714521929929701982 0.924619679600284017 6
0.424828150376660996 0.584993534858951003 5
0.172468963688339 0.658072420697791038 3
0.702217526863677 0.89779740482678605 6
0.706192579452358027 0.846504321026772977 6
0.585774237239379048 0.238643198704970999 1
0.845413060871023969 0.470981356156448983 10
0.41881641006586301 0.0945411528741804952 4
0.591976068404240996 0.260082117853462025 1
0.639885518485445948 0.734590116728315978 7
0.975597203660532042 0.928872330419294956 8
0.0455434276134027982 0.627498918770478031 3
0.353075876028551006 0.0776606306820139952 4
0.613912365681615002 0.234039217779081987 1
0.519225582970257005 0.452506506833704025 2
0.22001976944882301 0.673161826427361998 3
0.627602652806827033 0.730620975963905961 7
0.374133822463008026 0.0709531163314020968 4
0.624323351472182986 0.773604435653780009 7
0.456833644470546973 0.143900809282230008 4
0.67254743469114997 0.893122268436214006 6
0.428276005177961994 0.0353776075976246981 4
0.70601466190422002 0.851926589796529021 6
0.330622681453424994 0.571283878061769945 5
0.499292262721665991 0.437334827598092002 2
0.413735459454275978 0.0682703329519844943 4
0.331864358657805003 0.507709805778935985 5
0.676853039356110964 0.730673230758284054 7
0.645020780769622992 0.719565195638614985 7
0.530496191440779974 0.240945745069983008 1
0.698008372237969965 0.743941501313597042 7
0.636544414213026988 0.221098929443797998 1
0.103263438580615 0.617726160417771952 3
0.858625779840705983 0.493135165364188 10
0.815723304127387028 0.523849866416733034 10
0.635012450482737023 0.268289455983117986 1
0.834562899658996993 0.519063549612592046 10
0.266751218079719021 0.281358713598143018 0
0.213326324006208989 0.366173803893315997 9
0.257549135208346991 0.317117670014309017 0
0.665221913748568983 0.890594025831657032 6
0.683121355499487048 0.925491334042664038 6
0.0559421464572308971 0.659415480093702988 3
0.526361013058773031 0.466912153019827025 2
0.720554271219758014 0.924312821658833994 6
0.713938547653436006 0.927572631384674051 6
0.0848441030258717949 0.667257034662718018 3
0.22936231354240999 0.678092677769142949 3
0.0769055156687302038 0.646877664855537993 3
0.573018485445970005 0.265857940338367016 1
0.377359748533210027 0.542245777645844029 5
0.351796742498246995 0.512392724798457988 5
0.677460768244226963 0.899558502577717967 6
0.722219204907078027 0.909198956238277955 6
0.523581753675214978 0.434450807670114014 2
0.369690565800276982 0.567848403282490977 5
0.66088447120657301 0.870596004843019022 6
0.654790326978742954 0.732240874589604962 7
0.601265237233385985 0.282926357429463982 1
0.806128866241962005 0.488606787119526986 10
0.82209275235075896 0.488385538096525018 10
0.593318877688615021 0.251945935188490011 1
0.235498596136903993 0.306527735621871023 0
0.637123114448552963 0.756121315620070011 7
0.717679498205093025 0.92584488775781304 6
0.575970043928779041 0.233458856020253014 1
0.955895176224522025 0.894140681024504946 8
0.391949923888745999 0.548119438894688948 5
0.263769694536170995 0.315050826126062999 0
0.372558783957904982 0.573069435503686053 5
0.504485582311025027 0.467322408745895979 2
0.91603415417623002 0.941590257927440999 8
0.649229935395329028 0.855731183548857022 6
0.488098439719287014 0.419688272356435021 2
0.663564471326433036 0.912670008749899009 6
0.61776849443548798 0.726879755047312948 7
0.238072782136029004 0.314494924058218994 9
0.105797920874261001 0.614335157803920007 3
0.938962107682442038 0.982666973524607967 8
0.072382477031780898 0.632891168828569994 3
0.430761232403018002 0.101039648047283007 4
0.267102371135255978 0.383660259339432985 9
0.711686486057257039 0.923138756491545975 6
0.246225151473382003 0.645138803187319976 3
0.582494935904735001 0.215835648665445995 1
0.0614321201479074985 0.64887891229977801 3
0.0630666205704148997 0.621228343445191955 3
0.497051438023265013 0.401786002163571021 2
0.526615716075055973 0.475132832799111005 2
0.376590957443620977 0.542991798220891053 5
0.372605604365309984 0.505529557868849011 5
0.394803159516003976 0.0921352087245494028 4
0.176922520840700009 0.660100351441286981 3
0.503707427139954977 0.396716175304829 2
0.579737213908582016 0.207031271714923998 1
0.827164338880865047 0.436543223053480978 10
0.695031530735162995 0.950387964053148959 6
0.641653457069056965 0.704098888307045034 7
0.517949258664397005 0.479347682277509013 2
0.565649889728575994 0.227167156416387989 1
0.820265820053816985 0.482570802466871007 10
0.39073821174510498 0.0572278942763210993 4
0.378700685001288007 0.563461224163061991 5
0.942118739549684947 0.956820862782244985 8
0.643292171328231022 0.764287516996706051 7
0.223312180497540008 0.659845748294214052 3
0.640716112512810021 0.872616152957566005 6
0.254141545957414006 0.277641952372533973 0
0.640520403209857037 0.683214759422261952 7
0.486487817704556014 0.427589864348776993 2
0.568332699072880976 0.210671318455170009 1
0.231303487633419014 0.656557031660846002 3
0.835191229526372036 0.454001883396206007 10
0.414122196019441002 0.130933837647689011 4
0.374876394124451007 0.0566686567960694998 4
0.317345350321524999 0.591178501265788969 5
0.545370098465189024 0.239883972120399996 1
0.621428913886407974 0.693428904016836989 7
0.204689831656289012 0.654018782819068001 3
0.213802955753591012 0.322299789090755018 9
0.562237618436902009 0.201563418975606007 1
0.893988297145527966 0.913916341186005954 8
0.0690957780727670945 0.620729143388268012 3
0.964968971179604007 0.905831301511275 8
0.0635775248560179057 0.638989414512823983 3
0.184992486261019995 0.621217225403834949 3
0.0858768675724105035 0.586422203173310952 3
0.19215788141027601 0.631352431904775968 3
0.819743304307178011 0.470078571198269013 10
0.198015114376636991 0.66161351686995995 3
0.387631209509712027 0.510489316118157954 5
0.290964859973270984 0.342665817248307025 9
0.954425015432005974 0.91878159608378096 8
0.589395327548078996 0.216887415377808007 1
0.188295197799365988 0.649090155085559006 3
0.61413710363715901 0.253055515715907009 1
0.182452947363374002 0.632435329132936985 3
0.637827293375923032 0.784430072522984023 7
0.652182430286285975 0.756996305474856968 7
0.674144946991807048 0.899172706542634037 6
0.0490895116294400996 0.641200792938710018 3
0.344790536734167985 0.518245261768724985 5
0.394936129473034025 0.526650501034534035 5
0.609001841352981965 0.230724929650592991 1
0.820118803974565047 0.494193602901363993 10
0.953020403209857037 0.920608290278718044 8
0.204552179658517991 0.657238567596023948 3
0.864911887738896046 0.477801162724765027 10
0.190531340457026993 0.66903147406327701 3
0.356191305937276992 0.500377457504066037 5
0.934251974697502985 0.961077960817798949 8
0.359545519923768986 0.513501193521739951 5
0.48521242980684498 0.431461166349247027 2
0.378725031613138974 0.534860062772462008 5
0.664430648863424955 0.901319600328648995 6
0.202713074055651005 0.681945079099305018 3
0.720057038493116974 0.884365699063527022 6
0.249082132733233014 0.332545064201130003 9
0.945266007335446967 0.931488405550570997 8
0.64432409310743699 0.74222154031568599 7
0.860059420715446055 0.535650555512936055 10
0.793835700073713957 0.464271618197565017 10
0.653920403809157946 0.738246840530596971 7
0.434847717561323011 0.115451965058220002 4
0.392438728942054005 0.558203502405387963 5
0.944763156159917017 0.926906660707397023 8
0.417235753111870999 0.0920084630530808995 4
0.351274226751608021 0.536534439800808949 5
0.374468120171880026 0.604149920116872963 5
0.38584454276313801 0.537659585586126032 5
0.821911089170027975 0.537837474247837011 10
0.92613050682903697 0.915741923576806949 8
0.394412677318246974 0.542704952753882974 5
0.244264312811262013 0.29461697791623398 0
0.363937274138355027 0.543826763126794011 5
0.949303799270051041 0.945717274879119052 8
0.479623009570839975 0.435573729847159974 2
0.110666962321933002 0.630327348491671047 3
0.792258788752315035 0.555922080318953959 10
0.359335764498595001 0.511623356336560975 5
0.0837956068224449957 0.644744112719150997 3
0.840468825849060019 0.487941928246384993 10
0.812364408100154978 0.508526981818666957 10
0.567184662683311025 0.255415875895974975 1
0.217888504503748998 0.343710913135855001 9
0.715305703549661054 0.871561050832797002 6
0.200947008288336004 0.654646952155732986 3
0.376038476636242014 0.545412195824286017 5
0.832493437651698032 0.469696110575592018 10
0.394792859026375009 0.530209386072874045 5
0.862238442476072953 0.431333308873642018 10
0.246024760129688991 0.695000995064701033 3
0.279031274533892981 0.310035477669970028 0
0.849001376894541027 0.455941981612982994 10
0.242775423855783989 0.355332601766212008 9
0.0807760651080839942 0.565659260939318953 3
0.665642361007065975 0.768007613634721031 7
0.922037466813695028 0.96645686922626195 8
0.821584282726340986 0.462091370287478986 10
0.949410549798934023 0.939802476877253046 8
0.435091183679829019 0.0947390540103330986 4
0.397824948609921014 0.513872536103060051 5
0.572117660807498041 0.228678098236790001 1
0.598845558578697035 0.235798091921742003 1
0.365336267911614998 0.548247296370293014 5
0.634302653106478043 0.885736553562831985 6
0.81643403791179503 0.505934254574240017 10
0.243907541306836007 0.320420840101441007 9
0.668965673524669957 0.853600966824875962 6
0.589032001186616028 0.276442315710126008 1
0.69944856796974697 0.875295600924576034 6
0.256812181995792976 0.351625846777824991 9
0.434984433150945982 0.124676603972030994 4
0.215008113040194987 0.674672768247763011 3
0.197943010949233 0.311217325466207007 9
0.241176038738831006 0.336789932391190983 9
0.217629119446725 0.68814116354749999 3
0.787449396503676957 0.431122066087861022 10
0.625794448672846948 0.749619485034559996 7
0.0718685762401039957 0.659600039580226949 3
0.256461965348403986 0.262880528862991014 0
0.926052784952745012 0.874992078395532946 8
0.383567198146960997 0.0776773077440492954 4
0.375473822522937983 0.108738891686929004 4
0.557644536470474961 0.249691196401311988 1
0.172282618466867987 0.649965144940345962 3
0.526966869130593984 0.425714250771869973 2
0.516633605216317959 0.457887638850438983 2
0.263135746219906985 0.30947401658144702 0
0.633809166012428982 0.741494420410945043 7
0.436828220794553024 0.123993956232718 4
0.0768028853356985952 0.601753982204462967 3
0.261803237425161983 0.307388272022893982 0
0.792683918051552028 0.505449507971080014 10
0.399889728576479975 0.116470377646510997 4
0.497275239570660998 0.452743321114606023 2
0.218936345221472012 0.311648705470854992 9
0.258743992005321999 0.291610659533330985 0
0.415048303677911012 0.103055348945287006 4
0.19935417802841901 0.661880349862524975 3
0.43524381820796898 0.0887130755948986049 4
0.165507705515369002 0.67826945462671695 3
0.339123394621871022 0.532089446866323978 5
0.388615374473363973 0.596640794984429013 5
0.0723798550889662023 0.636408917113890027 3
0.180542674741251991 0.636239922885264986 3
0.237474417329394005 0.303601467136737024 0
0.705809588519786035 0.878900069932480044 6
0.727894774692708024 0.914426659284287013 6
0.845507638093981995 0.478066883913195018 10
0.257818820755000011 0.393858838676107992 9
0.183773282852193992 0.659161988750766037 3
0.38560950431796498 0.0624689389719592023 4
0.688131139091819 0.907923716894642019 6
0.417729240205920005 0.128441172775474011 4
0.640525085250598036 0.767114834913762977 7
0.220616261439161992 0.653850900394579049 3
0.671548287197128002 0.969681101219760033 6
0.644990815708882947 0.778893287927251987 7
0.81955414986126196 0.473297244171088982 10
0.547767303324323995 0.272261932159934994 1
0.680131404282605989 0.854346987399923985 6
0.385633850929816002 0.0340123121189985986 4
0.681001327452190997 0.860921085254253038 6
0.0537409318234937997 0.58624653811987304 3
0.81166491121352502 0.484341906455024007 10
0.631506538376253035 0.779929489381715024 7
0.17347372963124999 0.681762743221052014 3
0.63081359634666001 0.75718753578619602 7
0.670030369589059038 0.919579871453205966 6
0.144484406182391001 0.646738689338577033 3
0.653182514188455965 0.762923333322214958 7
0.346485435482227988 0.543389824101467966 5
0.431820310018518005 0.107617081314018995 4
0.82565016690538795 0.455577309856476986 10
0.538167246990009951 0.468555399532375016 2
0.396769616627012989 0.116709415535683994 4
0.530395995768933037 0.465019862380883997 2
0.056597070316011501 0.643483326829279001 3
0.424020966552998979 0.0741317643553369987 4
0.932720947375360043 0.915815302649762963 8
0.65534093496982504 0.882562352755440038 6
0.356215652549128015 0.57782684540029905 5
0.263314600176194014 0.357209327147255007 9
0.991179035244904028 0.993829487046925975 8
0.810510319966918025 0.460281353154578021 10
0.401900196870448978 0.537278236767585016 5
0.902207151461395962 0.906272687753143957 8
0.640729222226883 0.732943534803361052 7
0.0691467186760237051 0.599952859504647051 3
0.220504828869538011 0.323288182967382987 9
0.633366244958378011 0.767726327188391955 7
0.509109565746340031 0.496925305662752004 2
0.394415486542690985 0.126938013584023013 4
0.482506210258837998 0.470124155167832014 2
0.657939467580801018 0.867408462385998003 6
0.515574527600817012 0.455515048824878976 2
0.806119502160481005 0.459138418503089007 10
0.867764186958007055 0.476602637866491985 10
0.803839348319859037 0.509568742293807997 10
0.561105500985849992 0.177831959699323999 1
0.0507741098878706984 0.647419113469618002 3
0.624693232690682998 0.218148201267679004 1
0.692064053313836025 0.896668923629062031 6
0.483991353581724015 0.445993558206838003 2
0.829697322921473024 0.522527931299399007 10
0.240610448217378009 0.302644203775909004 0
0.577268842030193019 0.257687291745188007 1
0.410971182601087004 0.114103346641628994 4
0.589047920125133961 0.199774526121281992 1
0.0468297714864467987 0.604542386976770985 3
0.830435212542176004 0.512171475775455964 10
0.853546702045415051 0.500607600960153998 10
0.24518667483713999 0.344550325258299983 9
0.373869755365244028 0.0427388627800217025 4
0.961888188372358011 0.929312604857028046 8
0.872558596676275 0.505508433590270978 10
0.382894857096625019 0.561126435478115027 5
0.567070420889242977 0.206119592323660006 1
0.983219565986059973 0.962038559591034015 8
0.866822160361019001 0.49137073220084998 10
0.253451413152263993 0.302646427384181016 0
0.66531274533893503 0.890599584852336035 6
0.367953528685552977 0.126216452699961013 4
0.393507170639035009 0.044296500374122097 4
0.401499414183062009 0.591360837144041973 5
0.60505019896800305 0.203814822350376013 1
0.671174660346036012 0.871051844538651032 6
0.627650409622379946 0.197520899138241002 1
0.260986689520020021 0.321103487840753987 0
0.0483452544333307019 0.664178449010994987 3
0.227395856431401006 0.62447481152140405 3
0.0386011785258389001 0.655271786079990037 3
0.506007245551686968 0.413707877910564015 2
0.19907512840028499 0.68628889785744196 3
0.905937801523423958 0.91598874409493003 8
0.216504493260857994 0.615585937456569976 3
0.396021426516680985 0.113701985348644993 4
0.241414822816595986 0.698687737578645995 3
0.720066402574597975 0.862100709442218949 6
0.417267590988906978 0.0581695923792497002 4
0.668749363242459038 0.91015288418669904 6
0.192869551602831008 0.644950908288388969 3
0.970493779253389977 0.973027631668183957 8
0.910267752800234975 0.946153102100309007 8
0.0888891053032164064 0.591076215285305961 3
0.241669525832879012 0.309621886531493973 0
0.595436096511468005 0.22264322538827 1
0.545247428997787997 0.295547557977806019 1
0.415545536404551996 0.0760807570051998949 4
0.613640807318665993 0.761305658304788024 7
0.83575962927226799 0.440103219895957021 10
0.498567482815037988 0.431460054545110994 2
0.42785743073576199 0.0756838429287589043 4
0.382014633437411988 0.527138583050100973 5
0.209539489455294992 0.667587240491017031 3
0.941072771648257977 0.902215714462014984 8
0.658929250993341986 0.726551772827285003 7
0.358427448594938025 0.520631193443912954 5
0.687530901468886957 0.692726243803082009 7
0.582204649378823991 0.217207614968885993 1
0.597818318840231955 0.259518433156668005 1
0.84129380142753496 0.457571886475903022 10
0.352486875303396008 0.107484776621872002 4
0.846847638153911952 0.52403776131566504 10
0.209073158197541992 0.707705580923220001 3
0.383790999694355983 0.125529357744105008 4
0.677584374119776012 0.907547927096779006 6
0.84270403209857303 0.487591709943642981 10
0.506814429375348041 0.450142811241229013 2
0.453562770809236016 0.0551910690997388029 4
0.824854219979504033 0.416763115675438001 10
0.97263815391253805 0.924914307696242055 8
0.231581600853405012 0.657247462029108998 3
0.968321312349800012 0.953173033413050041 8
0.409600281072269978 0.146254498637483993 4
0.947463757259035977 0.929607232952984974 8
0.229700356883872997 0.324065334058230015 9
0.418994327614002016 0.0948769177231585936 4
0.596359394945492949 0.211390655730960997 1
0.255211860470690999 0.324806907416734014 9
0.956653666824482052 0.883713070035877957 8
0.217379098471183002 0.335779302431849003 9
0.330969152468222005 0.513067589908820954 5
0.269726186766231002 0.326800372232025016 0
0.961045421039067982 0.933673100677199996 8
0.645463701823672964 0.207283651253725998 1
0.387767925099333999 0.496149266376041009 5
0.721769728995991011 0.882138755379741957 6
0.185169467401010007 0.639886640450324951 3
0.387777289180814999 0.544228124419776971 5
0.375113305385920026 0.521538425618635948 5
0.619656293262055957 0.697594834113263951 7
0.861563292201293018 0.492401374634633016 10
0.639076461845488053 0.757926885536428951 7
0.209981474101197996 0.309433991632562022 9
0.502755100053338011 0.460136818616938004 2
0.696686163932853986 0.907134335958302951 6
0.521069370613864047 0.431333308873642018 2
0.220237016139182007 0.32005950375734199 9
0.609095482167791968 0.260872610593937015 1
0.546959183092514012 0.181963423867543994 1
0.290802861363650023 0.343250626223680022 9
0.840967931391996992 0.461806748428742975 10
0.376143354348829007 0.528251498989925961 5
0.624083630986269955 0.770991695934911014 7
0.95283312158023703 0.93482826517418105 8
0.817895771030977992 0.503410459186225956 10
0.691866471194586996 0.895520429956894959 6
0.729732007479279021 0.933303981704150964 6
0.405093348655467977 0.55068881825226601 5
0.367351418246325001 0.544335969420938981 5
0.259560539910464017 0.334446249273158025 9
0.167402059198973996 0.684285426804930985 3
0.517968923235507028 0.439754113397350987 2
0.848834696244178954 0.49471281543273099 10
0.566451455103349044 0.174277521877525987 1
0.56157464146804803 0.238180688184524009 1
0.703056548564374051 0.883353957300049952 6
0.380037875836774008 0.11497722469228 4
0.59542954165443096 0.23450395190779999 1
0.271495998166138008 0.272117397622295976 0
0.347633471871796995 0.536841297742258972 5
0.817047385248800051 0.513060919084006972 10
0.554753844517293038 0.266734041997289006 1
0.259831161865265003 0.300159321532644019 0
0.562469847657630972 0.258359933247280016 1
0.264168604407260976 0.322663349043125991 0
0.374328595357812988 0.549325746381911006 5
0.224968686511527988 0.676419412544930987 3
0.100191083446700996 0.602849109278116968 3
0.183792011015155993 0.612330574947273054 3
0.207960705317599998 0.309390631271269978 9
0.257915270794254026 0.333185463383286973 9
0.825175407974302 0.478599438094189977 10
0.935682806347797991 0.908959918349103946 8
0.0932647532976549065 0.620341123744912015 3
0.279419883915354994 0.328766041943923004 0
0.634497426001282006 0.787490869308535957 7
0.49483402352856598 0.458579181022838012 2
0.948765364584894022 0.93342294474666998 8
0.0412970975842167978 0.611303267925895955 3
0.0299870663306583997 0.58438648980086505 3
0.267615522800415007 0.316969800064262008 0
0.324269152168570995 0.54282391579640199 5
0.388782055123725989 0.052304825563490101 4
0.642090759674220024 0.756505999851017963 7
0.525077197487728964 0.405214806118036008 2
0.372495108203834024 0.547611344404678957 5
0.807828447030761954 0.46537675150843999 10
0.561593369631010031 0.214302470762330999 1
0.503706490731806955 0.452659935804428981 2
0.398458896926184025 0.096648021711311094 4
0.404017415693302018 0.595564568581081977 5
0.178379571919141999 0.293848721258473 9
0.180177475563493006 0.639862180759339982 3
0.276523573513282994 0.355026855628898019 9
0.375497232726640984 0.528360455795223949 5
0.673623367653315985 0.898148734933663984 6
0.35681963580465198 0.557744327297349018 5
0.433528318480650987 0.124105136646287001 4
0.349191655030235026 0.586653458433535002 5
0.545493704340738961 0.421727321141289024 2
0.229384787337963997 0.304944526532649973 0
0.504013632604383033 0.439400559682201985 2
0.966289306668425052 0.943112317789200016 8
0.351553276379740987 0.542271349140964976 5
0.397355808127722976 0.0597805965718630969 4
0.190054708709644998 0.713796043978524031 3
0.835950656534480974 0.468923406701288015 10
0.418212426810338989 0.488980353309117988 5
0.641648775028316964 0.72288059557123896 7
0.619423127633179971 0.208815717352704988 1
0.227635576917314009 0.686070984246846982 3
0.674120600379957025 0.867515195583025034 6
0.542614249285332972 0.234741877992837994 1
0.652609432401819012 0.759683536070817955 7
0.0545807026507093007 0.671359591923409993 3
0.585966200909739054 0.750885829945109995 7
0.501593953949694971 0.457468488691283981 2
0.546048057964413025 0.243937609999122007 1
0.803285931104331996 0.474355681708264976 10
0.679786806084106021 0.87326767018107998 6
0.518885666812496038 0.407213829954005013 2
0.214622312883178012 0.695968264662750968 3
0.383187016438832018 0.0515376807098646972 4
0.396696576791460975 0.0388942440788090996 4
0.0693785733334930932 0.611174298646156022 3
0.514588489820869022 0.481024282914128021 2
0.394099916996781985 0.53760621898761296 5
0.953863170543146954 0.991917183933541002 8
0.0537149933177913999 0.652418896667812054 3
0.580251301981889012 0.190361992308539008 1
0.234832809943606002 0.652567878421994041 3
0.266515243226398024 0.32982336767696302 9
0.215708546334972995 0.696463017503131998 3
0.841866883214172024 0.507826545213183045 10
0.693200852805628043 0.915290531097717963 6
0.220748294988043992 0.710805290853520955 3
0.709936339228459001 0.875491278452457999 6
0.896049331479494948 0.943687120527351042 8
0.391022879822127023 0.109151371021269997 4
0.669141718256513029 0.893723754473621956 6
0.694149434259653031 0.861409167269819975 6
0.967890564601673997 0.970259239370318993 8
0.614282246900114015 0.77123518104062605 7
0.0648440168763221997 0.639145067091820951 3
0.588987990003655981 0.218505090395234997 1
0.794058565212961032 0.491879938494995006 10
0.723318548072947043 0.875990478509382053 6
0.970643604557085982 0.933349565673713966 8
0.213080048663258997 0.645092107413620997 3
0.674179594093286982 0.920629414557295966 6
0.0187271422771049002 0.632159601707286023 3
0.353634911692966014 0.582864429939106032 5
0.796687999292823967 0.471438307656217026 10
0.670013514242392971 0.90293616354194095 6
0.0472189427127968978 0.670927100114626973 3
0.404982852493992018 0.0929668382180448005 4
0.681570663606234972 0.691923521217113979 7
0.437085733035280977 0.0894346364789607995 4
0.485071032176482009 0.404544388224215012 2
0.571202790046804965 0.473724176959193 2
0.510570362457374971 0.462093593895749999 2
0.384492369397282985 0.54628940928734504 5
0.620535580513121965 0.784274419943986945 7
0.61698003877478802 0.225577276502353014 1
0.93566407818483599 0.974728691995788044 8
0.391142740065083983 0.0701103687965498046 4
0.55901731081558903 0.234639592012353987 1
0.401385172388994016 0.546994293109371976 5
0.931165573441366967 0.97448409508593703 8
0.145901191710466005 0.662358425640871995 3
0.298230450794373991 0.354408692529454006 9
0.652267643427763 0.742273795110062973 7
0.773103623674795015 0.483284580721982993 10
0.484437083860218998 0.43661104310575799 2
0.535720412499026022 0.48434413006329502 2
0.372420195551986022 0.0919462020214823067 4
0.620322079455355002 0.28684880242017502 1
0.224181167258975994 0.300659633393703996 0
0.702844920322903022 0.938426063357270968 6
0.68969774992358901 0.890647392430169993 6
0.657156630368989969 0.946154213904444985 6
0.657837399092658037 0.693216549426921014 7
0.57998817129227298 0.184754052248123996 1
0.512047078106926956 0.453937398756335986 2
0.597302357950629026 0.291014732516601982 1
0.596474573147710019 0.231194110995853991 1
0.0468481250861495016 0.614705388581104017 3
0.030184648449907401 0.613261155008844039 3
0.658985435482227988 0.701509496475025029 7
0.51217349320692096 0.454593363196391986 2
0.699518798580854972 0.903435363598866004 6
0.957561982728138972 0.893932773651130996 8
0.346915246822204981 0.537666256410941013 5
0.837839391769196973 0.522208843512456 10
0.512874862909846962 0.460748310891566981 2
0.668385100472848048 0.815418277392907953 7
0.0465417323400914018 0.579547918202345969 3
0.412446025434343 0.0658710596271676052 4
0.836485345587045015 0.444093484938945016 10
0.709575822091440989 0.879563817001487003 6
0.042423128382306198 0.617852906089240039 3
0.341578656786186985 0.562178202190476983 5
0.62275393141596902 0.809881492797177027 7
0.227879043035819989 0.694438422172042991 3
0.668816784629121974 0.878892287303529973 6
0.408219079053822986 0.0643278754868312069 4
0.0286007140673973995 0.613819280684959945 3
0.127511072089943001 0.668476683799568039 3
0.567807374101797047 0.166445973545732012 1
0.577338136233151999 0.239939562327183997 1
0.689649056699887963 0.927855029635138995 6
0.835094779487117966 0.447661264410371018 10
0.229585178681657009 0.386170713077818972 9
0.221895394969466003 0.656747150168048965 3
0.387797890160072989 0.077491636453389301 4
0.659984582976249956 0.74699118005779197 7
0.229162858606864001 0.640487014683597033 3
0.645195889093317043 0.730757727872595964 7
0.426414425779540973 0.105123304637669002 4
0.682149363841759948 0.887894565390203949 6
0.209234220399014986 0.640603754117844981 3
0.803850585217635971 0.489186037074220981 10
0.448862001905778019 0.054937577756801699 4
0.642804302683070983 0.786870482600821042 7
0.377149993108035986 0.532307360476919955 5
0.0319928525838871977 0.629986024622014029 3
0.253811930289283005 0.34080576892929898 9
0.666784778947747014 0.932739185203220966 6
0.647152982122845 0.727213296288020006 7
0.557588351981588959 0.228923806950776992 1
0.385877317048322011 0.562280488170959991 5
0.0592947685498707994 0.689848894699918946 3
0.265650002097554017 0.365189857233230997 9
0.268988297145528021 0.323948594623982011 0
0.646243729811039946 0.714406424449018029 7
0.942749878641503947 0.948224393205097993 8
0.202857280910457988 0.65582546453956303 3
0.182918342212980006 0.668126465496825972 3
0.0938009406032565968 0.595606817138238043 3
0.698867058509777039 0.914581200059148003 6
0.502532234914090048 0.45516927773867899 2
0.676577735360568977 0.897761827094443965 6
0.226730070238101988 0.653221619253778973 3
0.722606877880391019 0.855455456123205948 6
0.260757269523735014 0.295314079109312011 0
0.0437458985323112975 0.576229182857313948 3
0.685258238893449945 0.866516795469176038 6
0.398364319703226 0.0784889247631023051 4
0.0928861634833784006 0.603092594383833003 3
0.106868329028352999 0.626642829585997041 3
0.0827130253624274031 0.645285561333231006 3
0.370625101132080026 0.0145379508782696992 4
0.961457440624231996 0.996764649965145022 8
0.531257491265184956 0.449800375567437016 2
0.569859044354283029 0.257059122408524021 1
0.606689849635325018 0.240518812281877992 1
0.209645303576030007 0.630976642106912955 3
0.185650781189133002 0.665142383196636988 3
0.680649237988504963 0.886425872126959002 6
0.200316805604664999 0.352612017046181003 9
0.678272634108629036 0.760837588763663031 7
0.832549622140584034 0.495497749152526978 10
0.496199306608493984 0.486087438948055006 2
0.49642123533959398 0.478289244740333019 2
0.973003353090296952 0.940844237352393975 8
0.571066074457183048 0.313139634816814005 1
0.362207728288814979 0.125709470014086999 4
0.522051662761219948 0.447994805651078021 2
0.53033325642301099 0.505928695553562013 2
0.513566868531291965 0.430339355976335991 2
0.398837205818016016 0.0768790323746245952 4
0.21423651272616101 0.667035785639714995 3
0.514118412930522961 0.461349796928974987 2
0.0196429213537015999 0.605410706006743959 3
0.242807261732818996 0.329393099476451012 9
0.634643505672386032 0.757623363007385975 7
0.943766817890340004 0.956675216440470044 8
0.454275377409940007 0.389501678268342977 2
0.628411709446785038 0.768301129926542981 7
0.230120804142369989 0.681441431825838051 3
0.0612603828935461003 0.620466757612245012 3
0.509775351939637966 0.423137088785343007 2
0.956990773757797952 0.915717463885821981 8
0.285537438346886996 0.332159268166046018 0
0.230881167558627004 0.653283880285377982 3
0.845404633197690991 0.464202686341153026 10
0.664453122658979045 0.762379661099862993 7
0.198182731435147003 0.64944259699657203 3
0.514793563205302007 0.439152627359942982 2
0.175683652860764011 0.662117164143427028 3
0.592624999250872975 0.26044456600169702 1
0.837653982955873011 0.455994236407360976 10
0.240221838835916995 0.284365031981046013 0
0.659340334170356979 0.733726244914886028 7
0.974904261630938018 0.945830678900958954 8
0.568063013526228011 0.27579191029074801 1
0.957936545987378985 0.916178862602132993 8
0.67319730194593097 0.911838379256402987 6
0.72575040003356095 0.878991237871607045 6
0.512797141033555004 0.453536037463352026 2
0.646195972995487034 0.881801878726628963 6
0.0316806541073108988 0.653883142714513976 3
0.625874979773583973 0.756342564643072035 7
0.697730259017985022 0.894380830717814046 6
0.929011834700739003 0.950974996636792969 8
0.184641333205482011 0.658936292511220989 3
0.816520187461419966 0.523255051204138955 10
0.0638703396839284954 0.644741889110879041 3
0.525552892826964047 0.43176024166174698 2
0 0.676581735948741048 3
0.229739686026093987 0.299212064409037026 0
0.650668258310809988 0.750739071799198965 7
0.622180849629331956 0.185696862155187992 1
0.185273408705449005 0.685479504446660948 3
0.294133665146439016 0.279619851929925001 0
0.93457222628415304 0.933180571445090035 8
0.98340684761567998 0.960419772769470992 8
0.617047460161451955 0.251626847401547005 1
0.367308343471511978 0.0910567587129311046 4
0.686215248020808022 0.915097077178107954 6
0.937999480106196049 0.911680503069134951 8
0.246408687470409005 0.350281675577777007 9
0.657117301226769035 0.813055693604568974 7
0.620375454719797048 0.77323309307246002 7
0.569839379783173006 0.236468509815562999 1
0.570722412666829992 0.413488852495833004 2
0.843860496161475959 0.452945669467301026 10
0.306788284859852989 0.312185706868391977 0
0.692521956898256019 0.873204297345344993 6
0.741109366478685971 0.876236187223369045 6
0.207578650793175001 0.665408104385067034 3
0.597756515902458041 0.237397978072999005 1
0.798674120974942947 0.480183758987547005 10
0.50237210912076502 0.474849322744511027 2
0.708824822756666029 0.924883177180442995 6
0.680160432935197012 0.930879136884212977 6
0.213720551836558997 0.35284660771881099 9
0.58403345449206201 0.265186410640409986 1
0.182759152827803001 0.646608608254701012 3
0.953638432587602947 0.92578262672621503 8
0.918664524664240978 0.921869076168589041 8
0.611534825393591053 0.240697812747724005 1
0.201280369589059011 0.617812881140355041 3
0.608810814090769981 0.189571499568063989 1
0.907035271872996041 0.97458415745814897 8
0.704951838656126983 0.890051465413441045 6
0.681360908181060987 0.733013578463909021 7
0.216443626731230992 0.676287107852784009 3
0.598853986252030013 0.189770512508352002 1
0.378853319529429022 0.545438879123542053 5
0.836542466484079039 0.455636235475669005 10
0.393907953326420979 0.557342966004364948 5
0.698646066186826009 0.882711334509622025 6
0.0505445026099567984 0.641314196960550031 3
0.50270359760519201 0.487738468089554011 2
0.823249216413661 0.487969723349777007 10
0.600975887115622998 0.19447122039404599 1
0.228215213560988006 0.675779013362774017 3
0.947895441415310014 0.914172056137213973 8
0.228978386201689005 0.659532219527950048 3
0.926466677354204959 0.938103640157921026 8
0.270770281851360983 0.262574782725677025 0
0.0566308746501578975 0.649998499064416979 3
0.374570188660022008 0.495220909922740982 5
0.0573602429567124997 0.605255053427747991 3
0.542235940393500981 0.501815020251512034 2
0.381756184788536013 0.149307512794085995 4
0.345980711490401993 0.51306314269227804 5
0.224110936647868991 0.709486691148593973 3
0.0861092840747687965 0.616181864473299035 3
0.0298158909211858995 0.632764423157101019 3
0.42169680152941702 0.0582974498548540013 4
0.0358702378027219992 0.652112038726362031 3
0.592269164154595962 0.260347839041892015 1
0.41947095936138501 0.0824980904763969042 4
0.157605357153559 0.646029358300006962 3
0.0930520013664067058 0.614175058008381014 3
0.202546393405288988 0.68621885419689399 3
0.198794205955855008 0.607337462573892983 3
0.927708354558584025 0.966379042936764021 8
0.677349335674602981 0.889976974536350052 6
0.520062731854657012 0.477722224631131009 2
0.629147726251190975 0.745478014629119001 7
0.575633873403611052 0.260133260843703973 1
0.378519021820557022 0.552206430897482003 5
0.687273389228159948 0.895065702065398039 6
0.707204836660453973 0.936392573593095023 6
1 0.938767387226926986 8
0.797355658302418946 0.450346271398059994 10
0.222867386627192993 0.636413364330433051 3
0.249496961542841011 0.686775868068874029 3
0.559169008935580969 0.243288316383878989 1
0.544959951696322054 0.232508263484239003 1
0.952505378728403018 0.907427852250125011 8
0.219067442362205989 0.644605137202189038 3
0.34968420571613501 0.54075484829988496 5
0.380555709542672982 0.527415422279888024 5
0.250773285848700012 0.677361110647858977 3
0.539769441331407029 0.493797800629058981 2
0.595614950467754034 0.230120108200777995 1
0.668518070429878986 0.931914226534540036 6
0.221211817021353008 0.644628485089039027 3
0.642767782765296003 0.77433711457919896 7
0.400012398043881001 0.527081881039180966 5
0.960502304313170963 0.928659975829377982 8
0.814486308963747963 0.548140563173266981 10
0.0342567129227321007 0.638966066625974993 3
0.651114924997453048 0.88171182259163805 6
0.561158876250292038 0.180697078956993995 1
0.83060376600883401 0.436657738879457025 10
0.206838888356177003 0.669720792627404027 3
0.860602537441342963 0.473303914995903019 10
0.681143661490702046 0.699128012016378975 7
0.281374167720437995 0.272384230614861 0
0.517325610837762961 0.427985666621083005 2
0.628761926094174028 0.221838279194031013 1
0.368689545489959025 0.501274683441567004 5
0.626647516495765999 0.740989661333341987 7
0.500610725394190048 0.424817024834369006 2
0.368570621655149977 0.101335387947375996 4
0.787842687925877971 0.477870094581178018 10
0.718854690430956955 0.935782193122602024 6
0.233462844822936 0.669627401080006956 3
0.632271583833249995 0.730542037870272054 7
0.265377507326456985 0.316219332272672016 0
0.965877287083261038 0.940472894771073986 8
0.681912452580290984 0.860388531073257967 6
0.572031511257872993 0.201214312477000001 1
0.403661580597024006 0.0558948411176299967 4
0.813036749150489957 0.493373091449225976 10
0.0772976834011541991 0.590516977805053966 3
0.671129712754928054 0.745500250711833012 7
0.0619848818777306021 0.64882554570126505 3
0.244722216395683007 0.698984589282874991 3
0.942719913580765012 0.93158624431451198 8
0.971654925357034016 0.90601586099779996 8
0.19453635810644801 0.631761575826709998 3
0.384148707606929984 0.0540292337779438026 4
0.658355232798557011 0.754459168437215055 7
0.527504367407602981 0.444026776690803981 2
0.549611090967931037 0.439541758807434013 2
0.436506096391606979 0.0955651244831499935 4
0.628628956137143979 0.770154507420736989 7
0.636059354792312015 0.715630520802410963 7
0.484991437483894006 0.438369917248418006 2
0.260655201035591977 0.322609982444612975 0
0.24176878509657701 0.694521807482220033 3
0.950838572224785961 0.929141387020131049 8
0.391762642259125993 0.565763770528074028 5
0.21237961536847999 0.69434614242878101 3
0.382215961189252995 0.128677987056376009 4
0.510078748179621955 0.456269963833010994 2
0.0381473951372698974 0.641720005470076016 3
0.390277498936239975 0.571090424142160047 5
0.613937648701614047 0.233883565200085991 1
0.0847986872306889933 0.626486065202864983 3
0.0328794438185076032 0.632584310887119972 3
0.0431162576935293015 0.661565709292124993 3
0.58788583761334301 0.217234298268143 1
0.509338049334476017 0.430152572881541018 2
0.39222429147613902 0.519458240080761025 5
0.403794550554053999 0.0584153010932369973 4
0.586595467185262009 0.235295556452410987 1
0.644399942167433015 0.808770800465623996 7
0.0777695394669814938 0.619111468370839968 3
0.580220400513002055 0.221280153517914996 1
0.0731361919501860996 0.618295404135243976 3
0.480167999113033983 0.391121576894041978 2
0.0199341630159233993 0.641137420102975031 3
0.487148921857115003 0.474201140933403986 2
0.655290368929827949 0.743447860277350991 7
0.717867716242861054 0.925814869046149957 6
0.381314200142634008 0.0755982340103109052 4
0.245966702824507 0.29558091210187698 0
0.183276050125554008 0.665274687888783967 3
0.937862764516573022 0.934445804551503945 8
0.607394964970843998 0.731209120351685948 7
0.264184523345779021 0.300879770612570985 0
0.655761382228322032 0.890268267219900045 6
0.271414530657254016 0.365751318321754004 9
0.949872199015946994 0.922596196073329988 8
0.935353190679667046 0.995297068506035054 8
0.490155728420661019 0.446193682951261994 2
0.807649593074475036 0.462519414879718982 10
0.930831275732496022 0.93211879849550705 8
0.0820796388910530056 0.586845800549009033 3
0.264146130611706997 0.30676454990277302 0
0.834962745938236051 0.491088333950384981 10
0.469151157250645989 0.481491240651116981 2
0.0846199269152168032 0.609881270436349987 3
0.824561124229148956 0.483602556704790021 10
0.850692530010007997 0.482497423393915992 10
0.440226445964006008 0.0546807510014575976 4
0.0822242203091196056 0.633047933211702052 3
0.417392133272603993 0.0660089233399930031 4
0.399593823601679998 0.498745329032874996 5
0.947510577666440978 0.91474574707123002 8
0.0841898346527947955 0.658399291113683005 3
0.655079677096505053 0.760602998091032045 7
0.46845540599660801 0.468597648089531027 2
0.448811435865779984 0.0929757326511302939 4
0.539948295287694946 0.265506610231489026 1
0.600521729163794982 0.183672266824098013 1
0.811201389180216004 0.505943149007325954 10
0.252896123120442018 0.271666005143205991 0
0.622776405211522999 0.245971099763297008 1
0.67567129227320899 0.897596168278226969 6
0.566203306944103035 0.238572043240285997 1
0.705530538891651959 0.896019630013820012 6
0.352094520289343016 0.551487093621691016 5
0.815979879959967014 0.532879939606799025 10
0.645016098728881992 0.703985484285204022 7
0.267914236999657995 0.347234220441852981 9
0.367712871791490981 0.558862802257852009 5
0.370143787343956976 0.611855834581333968 5
0.241799686565464994 0.309449556890461996 0
0.228890363835766997 0.311927768308913 9
0.578656598905676001 0.183579987080836005 1
0.838488322615829951 0.478639463043074975 10
0.552757422345545035 0.244477946809067009 1
0.933074909655342011 0.927609320921152003 8
0.653160040392901986 0.717835228403483017 7
0.229226534360935014 0.339809592423721996 9
0.63835636397960005 0.225413841294407002 1
0.038480569156363699 0.615015581934961975 3
0.497159124960296017 0.45193503950795999 2
0.0421203876280257031 0.618108621040448947 3
0.0848620820623152972 0.615920590501413012 3
0.416667353365974991 0.0707285318959929021 4
0.816757098722889041 0.499410187906016989 10
0.552173103661131037 0.483857159851863006 2
0.991038574022689023 0.946165331945801991 8
0.827071634474202955 0.505011457141617992 10
0.329621661143106981 0.463943635977537017 5
0.910086089619502991 0.931664070604010019 8
0.649921004608626007 0.745048858232743028 7
0.936887027226254054 0.867808711874845984 8
0.224299154685636992 0.272855635568392985 0
0.068382609627174698 0.635999773191955997 3
0.526265499427666983 0.45599534821149601 2
0.958498390876238004 0.930153128783608008 8
0.201750446479404988 0.687517441427379028 3
0.599913063867529961 0.218728563026509004 1
0.351678755071586024 0.0618807945841797005 4
0.961963101024206013 0.956558477006222985 8
0.178101458699157 0.704492466971079034 3
0.269811399907708027 0.308275491723173978 0
0.203991271177806993 0.675477714442001997 3
0.685159916037900052 0.772375892083843052 7
0.636225099034525954 0.769439617361489026 7
0.829328378111122033 0.468522045408304 10
0.220053480142154007 0.664603158190828047 3
0.507887553113069989 0.432680815486096992 2
0.610016907785521978 0.265784561265411001 1
0.100848067403408001 0.609605543010699025 3
0.526808616153565001 0.44464938700679002 2
0.570924676826820021 0.207421514966551007 1
0.619555161182061997 0.24781335921613401 1
0.173217153798671003 0.672425812089536001 3
0.488632192363703977 0.474542464803061004 2
0.401920797849707023 0.479643422177601975 5
0.638420039733670008 0.748079636306630991 7
0.525691481232882007 0.45326253364597302 2
0.145624951306775996 0.668712386276334003 3
0.320987978017631015 0.532358503467160959 5
0.822726700667022026 0.459605376240079022 10
0.67607675700133596 0.902027819563082978 6
0.374410999274845002 0.514825352247345047 5
0.525635296743996006 0.458282329318609016 2
0.0505755913604737026 0.618558901715402953 3
0.812755826706060946 0.482737573087223981 10
0.559949036922947951 0.519374854770584982 2
0.436950890261953995 0.135557831048019994 4
0.654814673590592977 0.768827013282723959 7
0.270427556469157004 0.375704188944442019 9
0.79810853045349095 0.491169495652290011 10
0.521091844409418026 0.443815533905022985 2
0.387487939063052012 0.478986345933409996 5
0.0560459941208550985 0.604292231046240969 3
0.509211634234482013 0.438827980552321972 2
0.395804179826321989 0.0584519906297146993 4
0.263895173228015978 0.300525105093286005 0
0.378925422956832014 0.592672766024154973 5
0.0829788716356728018 0.595385568115236019 3
0.373532648431928016 0.554494523808729989 5
0.412747548858030999 0.0599451435839451 4
0.219961712143639992 0.334149397568928974 9
0.644182695477073963 0.737626453822883055 7
0.663785463649384955 0.905146430163691007 6
0.247496793738501003 0.287194573506374007 0
0.199242745458795001 0.701303812709923036 3
0.589228646897717034 0.204648675452142992 1
0.0415634120615362007 0.655282904121347043 3
0.0648810986389869032 0.645634667831836984 3
0.569093062489137047 0.219918193451695998 1
0.430587996895619995 0.0916738100082385016 4
0.827284199123821007 0.485051237493593024 10
0.687857707912573946 0.88540078871385397 6
0.493226210738278992 0.412089091089000992 2
0.38197155866259902 0.0872165872282611998 4
0.421665900060529009 0.0526961806192526999 4
0.564845515129358988 0.246481417861578012 1
0.926040611646820055 0.918910565363521004 8
0.643099271249722992 0.756568260882616972 7
0.0582529208442955013 0.688667046903680968 3
0.386395150754219985 0.0604432318367338003 4
0.59131402784353404 0.171687018241370004 1
0.697985898442415986 0.850454561120876029 6
0.269057591348488001 0.342514611885853026 9
0.552377240637417 0.500424153277765016 2
0.418903496023636024 0.0897114757087472958 4
0.498222884616537021 0.426884980526751001 2
0.694630748047776025 0.912239740549386946 6
0.212241026962562002 0.314253662560774027 9
0.254371902361845981 0.682509875600235016 3
0.371739426828318009 0.534215216373762014 5
0.357158615554263981 0.547490157753888984 5
0.373497064922301003 0.558835007154459995 5
0.834605038025661994 0.48728040478564999 10
0.486106699588280011 0.483182294741499985 2
0.0691336089619503935 0.633735028167558001 3
0.319377356002901014 0.520682336434154958 5
0.699688288455661 0.863423756363688955 6
0.67591569479986302 0.887992404154145043 6
0.517568140548120947 0.417425750940307982 2
0.934626537956741998 0.914657914544510953 8
0.186815672925368992 0.644507298438249054 3
0.945859690101341966 0.900471293773118964 8
0.368595904675149022 0.581416860954439008 5
0.967787559705383993 0.950793772562675055 8
0.800251968704490002 0.493668831349318993 10
0.929412617388124973 0.916565770441353012 8
0.295164650517497018 0.277754244590239008 0
0.660855442553981987 0.924630797641641022 6
0.483063373106957017 0.455180395780035996 2
0.632624609705084051 0.750260996020853055 7
0.905301043982716047 0.942093905200908965 8
0.834940272142681961 0.472848075300271009 10
0.590511526060612968 0.25644651832975901 1
0.510464548336639012 0.502203039894868031 2
0.239670294436686998 0.642688386872261042 3
0.827666253648245975 0.451343559707773012 10
0.402668051551890005 0.0639720981634107067 4
0.631644190374023973 0.782121967137292984 7
0.943207782225924052 0.900322312018935977 8
0.227826604179526992 0.349134293709746024 9
0.712032957072054051 0.903745556952722962 6
0.609614252281838964 0.773139701525061951 7
0.273672210702321006 0.381533378027860026 9
0.409663956826339992 0.0794962193100366005 4
0.637802010355924986 0.921851287302418054 6
0.961906916535320011 0.919579871453205966 8
0.483393925183235984 0.458213397462196026 2
0.941328411072689053 0.931324970342624958 8
0.815845973594788054 0.48768954870758302 10
0.341468160624712025 0.510891789215277003 5
0.379889923349374992 0.583965116033439036 5
0.102807876016565006 0.62147182855090799 3
0.168999571499630991 0.66528802953841204 3
0.424043440348554013 0.0529007525802194026 4
0.377134074169517997 0.561830207496005984 5
0.384540126212836009 0.543215270852164034 5
0.420426095672445987 0.152874180461376991 4
0.526468699995805034 0.23075494836225699 1
0.252144187377517981 0.312173477022899992 0
0.931224567154697036 0.982800390020891035 8
0.381146583084124024 0.591440887041811969 5
0.635773750307142005 0.752698070686283027 7
0.604638179382840035 0.214469241382684001 1
0.213189608416585991 0.659551120198257013 3
0.935639731572985967 0.920875123271283957 8
0.405113949634726023 0.0781042405321538957 4
0.40440977070735501 0.0973151041927245997 4
0.493758090566400021 0.448993205764927017 2
0.174561835899340989 0.664670978243104948 3
0.539895856431401033 0.463068646122750005 2
0.41887634018734099 0.0628569586153145954 4
0.670222333259419045 0.874022585189212053 6
0.411402866757360985 0.0769690885096153965 4
0.214974402346863991 0.702390045350490988 3
0.525023822223288028 0.433883787560913003 2
0.491917112147235991 0.457873185396674987 2
0.551246059594513005 0.517287998407895966 2
0.931744273676893053 0.96077666189702704 8
0.666542249237389028 0.724940768634671051 7
0.707473585798958027 0.937658918503645022 6
0.580851539604821054 0.252784235506799015 1
0.344703450776395026 0.57391218303853897 5
0.0589133695111499975 0.667129177187112954 3
0.512654806995043955 0.466976637659696991 2
0.835753074415231945 0.465793678059323979 10
0.684094283565362948 0.870038990971038984 6
0.497977545681735023 0.425684232060206003 2
0.26290538981547501 0.342263344151187976 9
0.672057693229693998 0.76620204371836198 7
0.502520998016313003 0.465551304757742979 2
0.271099897519491984 0.282765145829789011 0
0.900893370829612961 0.927749408242249052 8
0.0449089174522507018 0.648429743428959982 3
0.580801909972970987 0.218473959879435992 1
0.230237855160881993 0.335425748716700001 9
0.551329399919693985 0.436210793616910009 2
0.537223347576724963 0.468914512268203021 2
0.296219982500403989 0.296683821804479997 0
0.217403445083032998 0.330132449226684999 9
0.27183310509945402 0.309128245495247977 0
0.193375212002804997 0.600604376728161027 3
0.644529166491869976 0.732338713353545945 7
0.499467371045360986 0.490015442959444991 2
0.814167930193393952 0.551472640167926964 10
0.406742363404271001 0.112920387041255996 4
0.673727308957755011 0.930060849040346027 6
0.631743449637721999 0.844125060176398989 6
0.546189455594776052 0.41048475772120202 2
0.183082213638897012 0.685722989552376982 3
0.363468133656156989 0.540258983655366953 5
0.395282600487830982 0.457817595189891013 5
0.495613115107783997 0.459191785101602024 2
0.266622930163428973 0.403492621511853 9
0.951980990165467 0.971648994539930033 8
0.0629108958953859959 0.595766916933778035 3
0.811559097092789949 0.498542980680178993 10
0.0496593159875585027 0.621452927880601025 3
0.678100335009379052 0.903041784934832004 6
0.912743615943809039 0.950643679004356978 8
0.412217541846207014 0.095401689275203802 4
0.486277125871234006 0.445976881144801995 2
0.947970354067158016 0.943957288932323002 8
0.399620979437974977 0.0880693410003346028 4
0.282506285171490013 0.317549050018956003 0
0.574098164040727998 0.227413976934510986 1
0.659509824045163007 0.776087094288772983 7
0.584594362972774007 0.255234651821858005 1
0.348734687853962 0.529079793071014048 5
0.048565684911393299 0.579062059795049988 3
0.703170790358441988 0.89387607164021099 6
0.218587064982230989 0.66192259841968204 3
0.579232489916757021 0.183655589762063004 1
0.600723993323784011 0.791988117037398021 7
0.633611583893180952 0.747631579239948052 7
0.97642124283085896 0.951806626130287992 8
0.51034843372627503 0.439626255921746978 2
0.0370060072455516975 0.651504993668275967 3
0.639330228453622973 0.725050837244104018 7
0.246200804861531009 0.638439071465658037 3
0.529070041831224969 0.479180911657154984 2
0.130430792695717002 0.596224980237682001 3
0.0239286928940855015 0.594403845063423031 3
0.81009830038175501 0.481827005500094996 10
0.0653773013166646932 0.626649500410812021 3
0.225193424467070996 0.700021902541473007 3
0.229133829954273005 0.675494391504038005 3
0.395631880727072005 0.514347276468999026 5
0.594524034975218996 0.256199697811635985 1
0.790796119224984051 0.473763090103943019 10
0.838124059846218961 0.47901080562439502 10
0.0681785662917038932 0.647635915276078 3
0.226868658644021004 0.655814346498206024 3
0.207080481658385995 0.63585079143777401 3
0.577531036311660029 0.275040330695021984 1
0.186942088025361997 0.679645868146700027 3
0.23269686295779099 0.280407009257993001 0
0.398738882962466012 0.550681035623316051 5
0.807529732831517966 0.458415745814890974 10
0.559100651140770011 0.219199967980040988 1
0.691189448103511017 0.861352465258899969 6
0.653234953044749989 0.873580087143208006 6
0.205472668868100006 0.679947167067472047 3
0.663584135897542948 0.920634973577974969 6
0.417892175223688989 0.093794020494997396 4
0.0457917630542786988 0.642053546710782963 3
0.865009274186299026 0.453961858447321009 10
0.26063366364818602 0.293869845537050978 0
0.0931632466544009968 0.603421688407996037 3
0.215987595963106987 0.69595158760071596 3
0.732332412906551045 0.897350459564239977 6
0.371014646921689006 0.537205969498764979 5
0.86352225804711702 0.487142541072824009 10
0.952458558320998017 0.924014858150469021 8
0.0512555173168086006 0.631154530768624045 3
0.378042390073175028 0.0860302922154810024 4
0.358968692504539999 0.514118244817047043 5
0.964023198950023974 0.853160692387143982 8
0.830372473196252958 0.495055251106522987 10
0.278591162704287021 0.341698547650257978 9
0.522776442667848951 0.443228501321378976 2
0.349797511102054981 0.543700017455325035 5
0.188378538124546996 0.692998635816325037 3
0.969707196408986949 0.887746695440158051 8
0.668479677695806962 0.882991509151816012 6
0.508137574088613042 0.462954130296774014 2
0.809819250753621045 0.460181290782365027 10
0.574954977496239028 0.248266975303495008 1
0.596075663276618983 0.235425637536287008 1
0.657102318696400012 0.767718544559441995 7
0.436588500308639993 0.056648644321627098 4
0.508875463709315023 0.384914374404490001 2
0.537494905939673973 0.455032525829989987 2
0.357288776286849019 0.569504991444667041 5
0.950979033447000965 0.924426225680674007 8
0.657939467580801018 0.75673947871951297 7
0.403836688920718001 0.0937050761641422952 4
0.101340243526049006 0.59878768877044497 3
0.370328259749132027 0.119079781952973002 4
0.293049304510940023 0.301344504741288988 0
0.611593819106921011 0.732385409127245035 7
0.187098468186094991 0.682654410137874978 3
0.36482124343015998 0.513264379240838009 5
0.833371788494615018 0.474180016654826009 10
0.155141667315910003 0.667938570597894965 3
0.469555685570624992 0.467205669311648975 2
0.664036421033075031 0.876427417534707986 6
0.59102374131762303 0.216841831408245006 1
0.560709400339204023 0.201715736142195012 1
0.250680581442037975 0.366382823070824981 9
0.333932884256955997 0.510770602564487031 5
0.621901800001197991 0.229588665823919014 1
0.436241092885695014 0.0674820638197810019 4
0.636819718208568974 0.741554457834271985 7
0.650972590958941999 0.690929568319808007 7
0.825821529596490023 0.518132969551019951 10
0.696154284104734011 0.704186720833763991 7
0.707578463511544964 0.897781839568887019 6
0.36867362655144098 0.536678974338449022 5
0.586617004572667966 0.248908486289787012 1
0.638147544962573976 0.750764643294320022 7
0.0280419593254265 0.659625611075348006 3
0.265244537369426991 0.301117696697608017 0
0.630351010721499017 0.739842279465311004 7
0.0953519134189534934 0.655387413710101008 3
0.679143493686361954 0.791933638634748971 7
0.656115344508303 0.733060274237608001 7
0.793890948154452047 0.477547671381828021 10
0.513835617669797018 0.410045595087605019 2
0.672230928737092004 0.753555271674899996 7
0.824017071095103026 0.504120902028931006 10
0.676359552262062014 0.934127828568697027 6
0.488900005094060008 0.455440557947786984 2
0.676651711604268957 0.762901097239501946 7
0.828239335434883039 0.457298382658524016 10
0.697855737709830004 0.901350730844449055 6
0.838961208730619967 0.457296159050252005 10
0.862921084016036954 0.482053813543776022 10
0.228827624489845005 0.338887906795236005 9
0.796567202641719985 0.50975218997619598 10
0.0651854312871192054 0.618118627277669974 3
0.0612166526330299027 0.634081911057893022 3
0.59300518095900201 0.222880039669171998 1
0.591799087264250012 0.732436552117487039 7
0.658923632544452964 0.919445343152787031 6
0.386740685360868974 0.129310603609582991 4
0.663179607577564001 0.919695499083318047 6
0.412624879390629973 0.0507182810618619015 4
0.824607944636553958 0.515055495703433008 10
0.685954926555635947 0.756770609235312031 7
0.222922634707931 0.310109968547061021 9
0.230828728702333008 0.263930071967082014 0
0.939975301298686006 0.885047234998704968 8
0.600521729163794982 0.757433244500183012 7
0.53609310294196999 0.49348983088347298 2
0.198799824404744002 0.671112771405287023 3
0.382930440606252975 0.546837528726239031 5
0.652252660897392977 0.719058212952740972 7
0.985195387178550042 0.950122242864719024 8
0.66082922312583503 0.920497109865148988 6
0.635959159120464967 0.711045440546830054 7
0.971505100053338011 0.948696909962766011 8
0.543466380700104001 0.456522343371813022 2
0.0705561065797279952 0.66450087221034404 3
0.182335896344861997 0.624747203534647966 3
0.696759203768406055 0.922835233962502999 6
0.565426088181181008 0.21833609616661101 1
0.921391345191506006 0.957513516758780048 8
0.612297998034291968 0.283613452385319986 1
0.392035137030223024 0.116603794142792996 4
0.961916280616801012 0.942972230468102968 8
0.0335100210654376979 0.632136253820437033 3
0.395313501956717994 0.0830606633690555984 4
0.607364999910104952 0.182458176707925995 1
0.525136191201059033 0.224507720923819987 1
0.362018573842898983 0.521075915098188958 5
0.952318097098783012 0.914425547480151035 8
0.402197038253395978 0.106290698980141998 4
0.0544092463187922995 0.658285887091842992 3
0.250330364794648985 0.338180799364938001 9
0.890338178184236995 0.504676804096775955 10
0.399066625814300024 0.0944566557598680995 4
0.211568685912225996 0.377301851487427009 9
0.590328926471733961 0.221510296974003013 1
0.598865223149806947 0.247121817043735009 1
0.571899477708990966 0.211770892745367006 1
0.361122431245168019 0.561653430638430984 5
0.662555023342782046 0.915660761874901974 6
0.390640825297702998 0.590239026771132047 5
0.946316657277614048 0.941467959472516047 8
0.377922529830218012 0.594332689598738972 5
0.597835174186898022 0.268218300518433983 1
0.598692924050556963 0.20711243341683 1
0.255020833208479014 0.333114307918603025 9
0.382664500692192988 0.519610557247350946 5
0.362434339060654975 0.564491866596845027 5
0.248713187922881995 0.339397113089380975 9
0.789607817285045033 0.528599493684396959 10
0.513469482083889983 0.426642607225170001 2
0.489017056112573012 0.448101538848103997 2
0.219593703741436996 0.619828582038358999 3
0.396420336387772021 0.53232737295136201 5
0.679367295233757051 0.743450083885621948 7
0.558163306584521957 0.251699114670366986 1
0.613104245449805019 0.761659212019937026 7
0.671168105488999966 0.805250828572032007 7
0.429028877329033997 0.112258863580521007 4
0.413910567777970972 0.0905764593263134049 4
0.687106708577797987 0.814776766406616004 7
0.546417939182913037 0.48446309310581398 2
0.922016865834436983 0.94784082077828502 8
0.403363802805927985 0.539487391585198983 5
0.0845910855442554011 0.59558569285966001 3
0.608688144623368954 0.147775446695107004 1
0.536308476816031998 0.453242521171530022 2
0.937519102726220965 0.942315154223910989 8
0.627294574526102044 0.774254841073158007 7
0.360436044072610984 0.0751479533353568013 4
0.214313298194305002 0.632137365624573011 3
0.0499123334691748965 0.650760084897364033 3
0.0514997325618328991 0.606352404109672949 3
0.692925548810087055 0.883416218331648961 6
0.618497956382856984 0.755951209587308992 7
0.205077504629602003 0.337203523529666982 9
0.0630507016318972019 0.630321789470992044 3
0.700045059960086036 0.902439187093287964 6
0.650048356116768034 0.862326405681763997 6
0.421506710675352003 0.106327388516620006 4
0.935846677773715996 0.900798164189011041 8
0.542221894271279981 0.482593038549585018 2
0.840981977514217993 0.471973085445482998 10
0.23537779948580001 0.325242734637924025 9
0.653967224216562948 0.687094955855817036 7
0.258406885072005987 0.309709719058212984 0
0.679641662821150017 0.709855810121642006 7
0.634307335147218043 0.778851039370096032 7
0.624790619138084979 0.777069929144722948 7
0.391355304714702978 0.111617352594228003 4
0.386677946014945983 0.102241508317962998 4
0.495072807606330989 0.453203608026781002 2
0.526029524574346041 0.404641115184020017 2
0.205376218828845991 0.681100107956182033 3
0.962618586727875036 0.940011496054762974 8
0.822785694380351984 0.55129030428967396 10
0.238837827593025992 0.351801511831264013 9
0.513074317845392036 0.480910878892287008 2
0.355580767824715982 0.488431122066088019 5
0.256006870988427004 0.339039112157689004 9
0.146760814390420991 0.674338115202920974 3
0.26776441169596199 0.338811192309872999 9
0.421706165610898021 0.096648021711311094 4
0.662564387424263046 0.798824600667749962 7
0.812473031445335003 0.463570069787946015 10
0.175407412457075002 0.655510823969163048 3
0.717968848322855013 0.872652842494043957 6
0.254373775178142025 0.33302536358774798 9
0.822828769155165007 0.50600874545133101 10
0.600180876597886992 0.247248562715204012 1
0.590219366718406024 0.225354915675215012 1
0.536712068727863034 0.414541731012330994 2
0.383646792839549 0.0599095658516030014 4
0.418493349254768998 0.0736603594018049035 4
0.623415971976674976 0.225493891192175999 1
0.647285952079875049 0.748615525900032996 7
0.948553736343422993 0.965100468180722038 8
0.596056935113656983 0.258483343506341001 1
0.90619156813155799 0.904919622120009981 8
0.0460447805358950996 0.655060543294209041 3
0.077311354960116499 0.675327620883684032 3
0.670351557583857005 0.880108601027973947 6
0.0433468013795913973 0.675875740322579022 3
0.62054213537015801 0.220173908402903989 1
0.656890690454928983 0.774410493652153975 7
0.377383158736913027 0.0854087937036308031 4
0.619132841107268961 0.733464970942999006 7
0.612553637458723044 0.183292029809692003 1
0.0784960049082769062 0.632707721146181012 3
0.058588529524574301 0.627064203353424054 3
0.0715237907599738931 0.640306902413615986 3
0.65816607835264096 0.757323175890750044 7
0.0692184475401680932 0.61831541660968703 3
0.371793738500908022 0.549398013650731043 5
0.191626001582155009 0.625583280244686013 3
0.349261885641341974 0.560118029127045003 5
0.697933459586121963 0.844793254461947973 6
0.410736144155913974 0.0791960321934005035 4
0.595902427769220977 0.229704293454031011 1
0.536519168649355005 0.495946918023346006 2
0.666040334470007989 0.708009103452262978 7
0.573264760788919969 0.202063730836666011 1
0.220352194341397994 0.351668095334981001 9
0.833103039356110964 0.453054626272599015 10
0.820223681687152983 0.437295914453342982 10
0.679422543314495031 0.864558908386226954 6
0.379007826873864972 0.547752543529910985 5
0.38465811363949598 0.480959798274257999 5
0.389565828743685005 0.514816457814259998 5
0.378122921173910997 0.0766855784550146968 4
0.615277648761544005 0.767627376620315993 7
0.587639562270393045 0.242361071734714995 1
0.535478819196815947 0.156955613443490988 1
0.396933488052929995 0.555937645576853989 5
0.942725532029653035 0.952627137582426009 8
0.0860902749893624059 0.602427735510690954 3
0.592923713450116963 0.246329100694989006 1
0.57564230107694403 0.269769267287719994 1
0.712535808247583002 0.875932664694325958 6
0.932421296767968033 0.943161237171169953 8
0.597572043497281991 0.203260032086666986 1
0.822039377086317025 0.55186955424436801 10
0.587898947327415988 0.223306972457275987 1
0.653787433852128008 0.854719441785379952 6
0.611475831680260984 0.199579960397537004 1
0.118420421788194993 0.632569857433356031 3
0.789567551734676965 0.470695622493575994 10
0.51859163465399305 0.465043210267732987 2
0.928846090458524953 0.926556442404653957 8
0.641070074792791988 0.237647022199392988 1
0.646072367119937985 0.887651080284488025 6
0.827639097811950997 0.472643503339303994 10
0.556676290445340949 0.423525108428698005 2
0.801807342638482967 0.502256406493380991 10
0.472541891154913019 0.480576225847445027 2
0.59230942970496403 0.265359852085577996 1
0.647834687254660979 0.903804482571914036 6
0.230020608470522997 0.337797226938124973 9
