-452.782245237478207 -764.860367297276866 -236.709109396143674 -1368.13986253285839 -2198.90863680039729 -538.016740837288353 2
-452.297347450439815 -763.424501266973721 -231.074323244524834 -1367.83999844984078 -2199.47226323714904 -540.064307454307482 3
-454.105763307576126 -762.389111408340568 -236.022188813398913 -1375.42022953077799 -2196.5963339909913 -543.911243666401447 0
-451.766697345903481 -760.744180931404003 -236.143258510918542 -1375.61415533634386 -2195.44040359629525 -543.105991038276784 0
-447.188122347870149 -765.010960377645802 -231.611121748198599 -1367.02433823422803 -2198.2278558024932 -541.887011881885769 3
-455.029744401545827 -762.388060295244827 -236.640766373812085 -1375.19868245155976 -2196.72182279250001 -542.39539190214839 0
-449.434062112676031 -765.00279786589374 -231.252054403404344 -1367.84473215333855 -2198.24747734877201 -540.519070941009431 3
-448.904228465617791 -756.851510516577719 -233.79307927711713 -1375.39003711717464 -2201.57876869059737 -547.478953141734905 1
-453.493708571939862 -762.662574222425746 -237.100672917213615 -1377.03836963665117 -2195.95382396214973 -544.616658786783887 0
-451.281733734910119 -763.837283261172615 -237.155400978439786 -1369.11731507772561 -2200.24022061278765 -537.823783702737956 2
-453.978041079004413 -759.098693665749238 -235.583712723822146 -1370.09023720001323 -2203.25999074536912 -539.173944431766813 2
-450.817212783743912 -765.236085596514613 -228.982028059192288 -1367.42469050611317 -2198.92588592308766 -542.008386907106683 3
-455.818872117121145 -760.279443418780943 -235.223342759225517 -1370.51955207043875 -2204.43816211006015 -540.670662842062711 2
-453.550076144199579 -759.420379060806454 -235.680494710108093 -1369.30241240860596 -2204.58812058116473 -539.285441768241071 2
-452.856550322259068 -761.393557192862886 -236.964411066441897 -1374.49526423828797 -2197.95880741852261 -544.500781305501164 0
-453.371846198712547 -760.102536857289124 -236.914579531668096 -1369.49378393938696 -2204.94907925832831 -539.595609748168727 2
-452.303017190307514 -765.946410352841212 -235.993611641644208 -1367.62721954354765 -2200.25166329625472 -539.102395494811731 2
-454.787290708255341 -760.587497103696705 -236.330304165401287 -1368.70695174646653 -2202.62712461827687 -538.642162408491004 2
-453.978949115566593 -766.680436199110886 -238.855302222133474 -1369.52278460626599 -2203.59239278249424 -542.261228662880853 2
-442.644298627560772 -765.547979387742544 -240.240902271022549 -1377.82675019617682 -2185.68735858827404 -527.930058699627693 0
-453.045339563516904 -760.519333056368396 -236.788132650820529 -1375.03847278935564 -2196.33277168929408 -544.412988587445625 0
-453.919719440606912 -764.285702745428921 -237.627874019556657 -1369.92589352938239 -2199.67429184045159 -539.746643623155137 2
-453.434624929566439 -760.255409910399408 -236.5229709774718 -1370.83388393052974 -2203.94053883256902 -540.903058811079632 2
-452.995731492350671 -766.220884240557552 -235.631767082221501 -1368.53673880801239 -2200.22878694531437 -538.85501685748784 2
-444.881261979446492 -758.432544909974922 -231.457128814959674 -1374.4099093379516 -2202.11995668366399 -544.828453691765731 1
-451.841402835590486 -765.208760107186663 -238.696507203298665 -1368.89471338977819 -2203.36254202158216 -543.175951242257725 2
-452.565585705575359 -766.801641038310436 -238.788607178479651 -1369.65704682763339 -2202.01834597455581 -543.954390132580329 2
-453.488105398146672 -760.522155850319905 -235.214338393592982 -1370.50735483300787 -2201.83440525480046 -538.817458636037713 2
-452.309533439067138 -761.286768127790083 -236.819683298941811 -1377.18828168334744 -2195.33503173436111 -544.058018375900133 0
-453.306603102783242 -759.501639780995902 -235.513900710332791 -1370.36941598816816 -2203.10735798933592 -540.123022753269311 2
-455.050698551040796 -760.495053655834568 -237.557350394425072 -1370.9685303806848 -2202.88356010305006 -540.274363074421331 2
-451.69850298260377 -763.839583710717875 -231.192816345961205 -1368.28496256388394 -2198.40376439412876 -540.281805331418013 3
-454.361308270550012 -765.793764742077656 -238.591468806826242 -1369.67235051587454 -2204.3947955150179 -543.990809664990024 2
-453.06464566346034 -765.037052973721075 -228.272702586295907 -1368.01352779630679 -2197.17842178860565 -542.374000780024858 3
-453.815889796668046 -759.573554010157181 -235.75518802462463 -1369.48080439178125 -2203.63446173458806 -540.352439421955182 2
-453.820482089591337 -761.3944910975722 -236.376115726436495 -1377.24860433206914 -2196.66790862218022 -544.643421299167926 0
-453.68021674364536 -758.589042870014737 -235.147222447086534 -1369.58222621700133 -2202.85818730764913 -538.523295301018265 2
-452.493759183841121 -766.292642520720051 -238.199844580016787 -1369.68168722836185 -2201.62471899421644 -543.257752186672178 2
-452.58829832100281 -760.414576760125897 -235.931486876917432 -1376.81998167111624 -2195.29183918216768 -544.330332339585652 0
-454.683376946353974 -760.238743140705992 -236.858476347282107 -1370.70271420184577 -2202.93077200656398 -540.591318637248378 2
-445.882712216487334 -764.47500702743821 -233.671881618631744 -1366.95135166587374 -2199.93967367002097 -543.636297678002165 3
-452.029405854747608 -765.41177968823888 -237.078750134695014 -1370.65471841111548 -2203.85378058571405 -543.743767012880653 2
-446.518185430413098 -764.803524333703535 -231.11091204790435 -1367.19613689239577 -2199.26615866296925 -541.77569510032356 3
-452.651154234878561 -765.806879936898667 -238.390767325120805 -1368.77311134887418 -2201.30951940042496 -539.655779680785486 2
-451.625990395234169 -765.27768240537057 -232.320663449056156 -1367.38679138320072 -2197.92019729867889 -542.882006621405253 3
-452.730557435204162 -767.443927551482716 -237.082116674845082 -1369.13839233900671 -2202.46609457196382 -543.072002023524078 2
-451.956917862029457 -764.095093845666952 -236.170372136718925 -1367.69082083137437 -2201.1460135223374 -537.978709003015751 2
-454.589796355179317 -759.178165707185713 -235.456203734044635 -1369.6054138163538 -2204.73537404111084 -538.817387287574434 2
-446.397847945439025 -763.35214819426858 -231.604235749172631 -1367.70040134410078 -2201.13215445984861 -541.182404904139958 3
-454.782440934559531 -758.645659003181663 -235.891745083748702 -1370.49729182142983 -2201.91028196728348 -540.519739776634538 2
-448.192245200350612 -758.657011424981988 -235.170476507822457 -1374.22847978231539 -2199.12281606691613 -548.984172505766196 1
-451.413374763108095 -764.06212147327858 -237.553034611659825 -1370.16101018323343 -2201.2200539602868 -538.984569113069483 2
-446.995001491956771 -763.872434491362128 -231.324293141443121 -1368.43856834545113 -2198.51412967826445 -541.479410016573979 3
-445.684744482269195 -764.447819181815817 -232.352434032935065 -1369.30158908822477 -2199.75292279869018 -542.596358896926859 3
-452.016267949086625 -766.317051455451519 -239.458030366387106 -1368.62800279440307 -2202.94590156947834 -543.363824311816529 2
-446.860432202811182 -764.053380668097702 -232.847402636430473 -1366.69753663065421 -2197.73101052809307 -542.384883496265388 3
-453.327879736903469 -760.234636789646743 -234.902144578359952 -1377.18937406390933 -2196.44376100485488 -543.968394831313617 0
-454.050871257438985 -764.9553307232934 -236.510190073607106 -1369.10821784827817 -2200.42473229014968 -538.485492366070048 2
-452.641714237726944 -766.390789417294968 -237.491644931569454 -1368.56364089799536 -2203.33337920498116 -542.28113290096303 2
-452.419376201238435 -765.617764447474997 -237.282633049234192 -1368.18402263570897 -2200.24906756417704 -536.688118916511712 2
-453.861652438816975 -759.616114591110431 -237.366864449353869 -1370.33585300528284 -2203.26634309857491 -540.084660221278114 2
-453.638402394214893 -765.105716919398787 -238.11652271859154 -1370.7758211044229 -2202.1914371603325 -543.182413876472538 2
-451.950404137250416 -764.524798836742775 -238.784571816447084 -1368.81894780106131 -2202.30893711284671 -543.156971650606579 2
-446.824890619776227 -745.124390558906612 -219.115018621113478 -1375.52642860582682 -2193.57631578313112 -527.419874151833142 3
-453.269033790524304 -766.529932626227605 -238.156898119755368 -1368.92694491719089 -2202.88469255195969 -541.731739015505696 2
-446.936033714029179 -762.718350784584004 -232.139792169724132 -1366.4853826823728 -2199.73976602679841 -541.617085841307585 3
-452.847519867613585 -762.886698341158876 -236.797586139278735 -1368.29748565509544 -2198.96566003453336 -539.982297473182371 2
-451.619399528306303 -765.289608627219991 -230.446054589693006 -1368.6929695793965 -2197.68676885757986 -541.354496554916636 3
-449.520617704438848 -764.3384010280447 -231.073114472699075 -1368.89526337727557 -2197.798055825539 -541.880934902129411 3
-451.560703665864764 -764.472778167695196 -230.285834885782265 -1367.82439027584519 -2197.10511055611278 -541.286567991685388 3
-448.769184661040754 -758.881728116289764 -236.229813545628332 -1373.34726195220696 -2200.31507841304801 -546.795813799106099 1
-446.152760597387214 -764.4620814247628 -232.690734997062947 -1368.9557747125591 -2198.74856053158692 -542.45106392476373 3
-453.697324575029313 -764.558364390945258 -237.919102996476227 -1369.69296289606655 -2204.33789393855795 -543.044520372864213 2
-454.435502629483494 -761.633659073756235 -236.782712872173818 -1376.0800027715336 -2195.02349121883572 -544.893884862151253 0
-446.783698551333032 -763.849434273162728 -232.104955197538914 -1369.07668818195657 -2199.80989312408701 -543.237271557335703 3
-446.882804473938336 -763.909962268329878 -232.788976475314684 -1367.80468562452256 -2198.33388481956899 -541.206789189759434 3
-451.462051553736103 -765.617175804063777 -229.988564051479784 -1367.06776276356459 -2196.54829130993176 -541.794837886950745 3
-445.681314687870838 -759.854382650139996 -232.104403235481357 -1373.23775574090564 -2203.27126289584658 -543.486412458023779 1
-445.67266683925277 -762.932344483733345 -231.140140855939535 -1369.37694292722904 -2200.37187055239019 -542.496977398626882 3
-453.941255198913723 -761.663359041048579 -236.646882375188653 -1375.80310268966923 -2196.74289966815013 -543.815659016309269 0
-447.76621689041815 -757.950187961838083 -233.779358327474995 -1373.90361323986212 -2200.2638598349954 -547.040092888660297 1
-454.308625522962984 -758.959057121254659 -237.978472404315227 -1369.10056619278771 -2204.78026601158035 -539.473473873089688 2
-452.910977711555233 -759.983752879331405 -236.85003566356508 -1375.22319400890524 -2195.20778016543272 -543.464624574649861 0
-453.673649039850773 -759.049024658985104 -235.671410745254065 -1370.34544727162688 -2200.61989812010825 -539.538954822491405 2
-451.355704674834044 -764.611303421101525 -236.003923519330471 -1369.41341237455731 -2200.84424638026212 -539.655347605235647 2
-450.408232962193381 -757.809904099388405 -234.618427294101821 -1373.4331533707516 -2200.1549076535307 -547.658845573173721 1
-447.396389842699648 -764.920138217670001 -230.497579807214606 -1367.95421525511324 -2200.01741445578728 -543.559391434706185 3
-453.65006623197786 -762.257579374444504 -238.423908812383587 -1376.41744686998072 -2197.20337258460086 -544.35269856464447 0
-452.751580823945574 -763.946479248457081 -236.126970288068094 -1368.02759944748436 -2200.81366910502038 -538.363803962959764 2
-453.104922715942905 -762.076169004904045 -237.07133429487439 -1377.11744447128694 -2196.36404481595946 -543.710298250418646 0
-448.232520318610739 -758.464205826614261 -235.430886908975708 -1374.17206481407925 -2200.69902001848232 -548.343888902786716 1
-434.127304522890086 -748.997872187986673 -225.188514064107807 -1367.75907759606389 -2188.59404916803442 -537.083650639878442 3
-447.904216690270005 -763.27736078312364 -233.833329700878494 -1368.40464157866654 -2198.75828432779872 -541.271153591387815 3
-445.172628631030477 -758.699824860425906 -231.863831410704734 -1373.91922642686359 -2202.47693485812033 -542.317982491256089 1
-452.573294776208797 -765.058600128624676 -236.761581198094746 -1367.5216946063415 -2199.73656422227532 -538.900532914624705 2
-448.51017600396932 -757.511627736792889 -235.004175648086175 -1373.50150388512907 -2199.54908092791993 -548.10238726005241 1
-452.119608871564196 -766.096163897393694 -228.303215635935544 -1367.51759944770401 -2197.07176546760775 -541.624393732173985 3
-452.841712841775347 -760.775418581101803 -236.44114647125167 -1376.04651011700116 -2196.59939531841519 -545.488990183475266 0
-450.879193684376901 -756.834742380131161 -236.525340782517731 -1371.95888420474853 -2202.06278550469733 -549.280526519560567 1
-451.926508910006419 -764.567649901277946 -230.120109153484236 -1366.1721483280819 -2197.21199733364665 -541.456338579194494 3
-452.265307186663051 -761.818122545061442 -236.266104058821867 -1376.54857701268702 -2196.5260834324913 -544.335066866562897 0
-446.058329772464674 -765.244047522060669 -231.632694923217883 -1367.73472006417364 -2197.67612776216083 -542.842322597520251 3
-451.674739055646114 -765.090415038095216 -237.451186272783929 -1369.79053221629306 -2202.52797051018888 -542.104011388439517 2
-452.85384252696349 -761.12208595179959 -237.791450999567985 -1376.19503030642636 -2197.55675527468702 -545.689882748500281 0
-452.620847383958562 -763.963485826355281 -236.692110915068383 -1368.59103364095699 -2199.44004911514958 -537.208935575271084 2
-454.770488467421956 -760.672118016389504 -236.112876592824591 -1377.17820569969376 -2196.73977476686741 -541.86865995206233 0
-453.399823816262767 -762.026259453365583 -236.145756180170736 -1377.14896428770794 -2196.4321302115045 -543.049897057027806 0
-453.305016228017053 -761.348126912457815 -234.010541140718857 -1370.0469468186127 -2203.9568409231083 -539.452732660457627 2
-452.321849730773863 -760.833364650761382 -236.555224894175268 -1377.09233360156691 -2197.99781245659187 -542.596470345243006 0
-453.006145993311577 -760.562446039288034 -237.790324240114842 -1375.32306611459353 -2195.04178796071301 -544.872181063104904 0
-451.256494497473682 -764.789388865380829 -236.237321186896565 -1367.9808192504313 -2199.7154137344487 -538.487770179649601 2
-453.007751777602834 -760.707516571929887 -235.774516948304182 -1374.65782577471987 -2197.5358417315706 -545.053239466780269 0
-453.463721009239293 -760.825295757467529 -238.078942271056121 -1375.99450116706294 -2194.76274024830263 -545.980295013021077 0
-448.135165648768975 -765.218459054862251 -222.101626461124226 -1356.58076010172135 -2183.41918850150705 -526.789698105168441 3
-446.757644098722039 -763.681557003964144 -232.290318469446532 -1366.26899190873837 -2199.80523098840558 -542.94005666572923 3
-446.369497936933556 -762.206950502695349 -230.630580895731612 -1368.05532107178965 -2200.62630330952379 -542.458953547479496 3
-454.054428945511518 -757.804284436202465 -237.861238766757396 -1370.18405027374229 -2204.33397260373476 -541.355239901080722 2
-452.75506915403497 -764.55887085672623 -237.925822246332586 -1367.6061330912371 -2202.63001661865837 -543.140042520186967 2
-452.528290770640808 -765.323733996776355 -239.090154009262733 -1369.06812036934207 -2204.84748277620838 -542.783786254539677 2
-454.937732194358261 -762.786095101366641 -237.187759872951176 -1375.99039989851713 -2196.59949219007012 -543.398737932964309 0
-456.009239389948448 -760.568838688405663 -237.008845293805422 -1370.51612246910054 -2204.23679052759098 -539.569990833277302 2
-447.909050766343739 -764.183617788595939 -232.814978159158812 -1367.0277218832432 -2200.33168808949222 -541.473260678254178 3
-451.741945402993167 -764.252411274538531 -231.782378260803284 -1366.90575402674676 -2198.650056765518 -542.321724891554595 3
-450.519199329910919 -762.995553467844502 -230.19386583537991 -1367.36343109578456 -2197.04020280704708 -542.546626518636913 3
-451.483622561057189 -763.917828866183868 -231.144761319115531 -1366.35019696084464 -2199.11648262124754 -541.53178601532818 3
-452.947722457492489 -762.480521830549606 -235.278112784890936 -1377.65098059481556 -2194.91309047220147 -544.225791958538821 0
-452.362949163419103 -764.058557948249359 -230.069530816339608 -1368.37140945106057 -2197.55595968797115 -541.198657124047031 3
-450.73013205388952 -764.62962921747976 -231.257149678807139 -1368.04283189110606 -2198.38486698385077 -539.90878805889156 3
-449.525940000274943 -757.63617822938977 -235.744844161624769 -1374.01402044186511 -2201.01231901635811 -547.340540645957958 1
-454.061930364883892 -762.131184048227055 -237.19947334445186 -1375.44492611702208 -2195.60490018928658 -542.315194115375334 0
-451.91457742547982 -763.025418881279506 -230.647862521464759 -1366.9676934049271 -2197.49045206901519 -541.660552024021058 3
-450.065317131961535 -763.680083093885969 -230.242522831309543 -1368.85111281966169 -2196.95375791086235 -541.696832880276474 3
-450.814716467016979 -764.279318348382731 -230.631531674151802 -1367.28710577688503 -2197.18934284691841 -542.604806358450901 3
-445.526166477566051 -762.860226710202483 -233.359850482419972 -1368.77604101145357 -2199.71799270390602 -542.349806987963234 3
-450.051112861244292 -756.704975051991823 -234.976408661318175 -1374.20703889584797 -2200.6051944331366 -548.830826103874301 1
-448.873893087766476 -756.723642122952469 -234.50060448550164 -1373.44413077642207 -2201.13037461060048 -548.328320688218696 1
-448.535484484559845 -757.749512658612048 -234.142875682027835 -1372.75866063210128 -2200.1745641203056 -547.34082330474962 1
-454.046299461407273 -764.288724997691702 -236.216183147573133 -1367.30119400214767 -2201.31419672864604 -540.119601721301251 2
-446.084020838267236 -765.382558886057609 -231.201875497632216 -1368.54200810044631 -2199.52564012040875 -542.790809090362586 3
-453.685920158180238 -762.984842786117156 -236.567546110870325 -1375.58993611694382 -2194.91104292873388 -544.476251871038926 0
-454.957048472983502 -759.846649818309061 -236.590254279395054 -1369.88129043328036 -2203.23578379559012 -539.805684679564479 2
-447.580563841715218 -763.974568059957733 -231.937421275205338 -1367.57434099448278 -2200.09585650616009 -542.910648027032607 3
-447.759025436183606 -764.054429111136301 -232.61578882467748 -1368.15719408508039 -2196.97284035838356 -541.96750612751282 3
-454.525411934530155 -761.698126780932853 -235.428477109236383 -1376.43330422474946 -2197.00646476616612 -544.795738059423115 0
-454.255978635748647 -758.4612548822995 -236.0478980966667 -1370.19873477075521 -2204.23836343396124 -539.309993640683956 2
-452.109832168405546 -761.909450756476872 -236.135859096955585 -1367.28374907642092 -2200.59024979764035 -537.443638963002741 2
-452.080418858191308 -765.537123883269146 -237.588981203342001 -1368.44646648996968 -2203.28327324814336 -544.719082290979827 2
-453.874851186246872 -763.448654514466853 -237.663210446380617 -1375.14755221344376 -2196.00216784954227 -543.954116459152715 0
-453.369579333181946 -766.772986463808138 -237.74201145729802 -1369.60550167935935 -2202.68296785629627 -543.884084595922673 2
-454.870657017591839 -763.517317945251307 -239.112054305926449 -1376.14412876600386 -2196.42883093867022 -544.141921595306485 0
-453.378236416757261 -760.598977070929891 -236.150251511903775 -1370.07072761208474 -2204.2096933516118 -540.111330797856681 2
-453.661751517411062 -760.566497886716434 -237.195552732395811 -1373.2084190094165 -2196.67447579908003 -544.03038369803744 0
-452.879146754128612 -761.513175586955867 -236.307445607598368 -1370.14656885691602 -2204.40718013946434 -538.786832302734524 2
-454.037455896425342 -759.578426763621565 -236.218535710043597 -1370.26164255261006 -2204.12305931990886 -537.829783291804802 2
-445.630562333017622 -764.453052082622548 -233.932408176945472 -1368.08381610902143 -2200.2486619347128 -542.897753496590212 3
-453.052495502096633 -762.945494292349281 -238.485241912667391 -1375.69833504438679 -2197.77651633679898 -543.795908156733617 0
-453.9795412584009 -762.014568900494169 -236.144267242403345 -1376.26860712252778 -2196.52910637066088 -544.905018434998397 0
-452.018116852548815 -764.153838369565506 -229.939436972286046 -1368.33952744960402 -2195.84301719578662 -541.38354727684623 3
-448.069987295695398 -756.916243082679898 -235.537465594270031 -1372.33934723664902 -2200.36886431815674 -548.291250470704881 1
-454.980050880128772 -761.694235378381222 -236.416825731299042 -1370.40756360942692 -2202.56457719507853 -540.100573424621075 2
-451.514958508532573 -765.977312477651935 -230.9901276850089 -1367.70974193661027 -2197.65011478327915 -541.822758240861162 3
-451.559729099551873 -763.294143675498503 -235.651114383114987 -1366.98194662992478 -2201.58176346471282 -540.375989462956682 2
-454.696998506584748 -762.731351165446313 -236.371940987357988 -1375.38455992133527 -2196.30921246456501 -546.20565285844566 0
-451.242713357212835 -764.675891205269522 -230.964814448765964 -1369.2688841072204 -2195.6933501220733 -543.338709581418811 3
-452.433699128618855 -765.20604228649654 -235.850565316004037 -1367.66896688740985 -2200.80191030301557 -537.279608555543405 2
-451.381471480156733 -764.199641459324766 -229.219069551695299 -1368.12804338364458 -2197.89106782686304 -543.190996733757515 3
-455.695448399339 -759.11534003167435 -236.727865711445816 -1370.29551692960058 -2203.31503058191947 -539.569393857604382 2
-452.544654378578343 -764.766136478323006 -228.700830687435797 -1366.94173041558861 -2197.93920698532338 -539.96078767072288 3
-453.657702539220679 -760.247224223555122 -236.263671695680301 -1376.45987093983513 -2196.96567592251131 -546.416183191986306 0
-452.914048668725457 -765.323451239169003 -236.795185777367664 -1367.9109850809366 -2201.47047616277405 -542.695181255731313 2
-453.042700681421707 -764.301311240703058 -235.364837759874291 -1369.04413868515621 -2199.35864398631566 -538.024888362133083 2
-452.906127177417602 -763.41052919148774 -237.364417397969561 -1377.19779363760358 -2196.12998748458267 -542.355307545297251 0
-453.374973538355277 -762.548288737759208 -237.070203446680011 -1375.91392102176633 -2196.73326652984179 -543.671518615950845 0
-452.770517814470111 -761.122389823017443 -235.570938593224099 -1375.54144865622357 -2196.62788387184673 -545.52134434680795 0
-448.590988104390192 -763.795326971577424 -233.210893194554018 -1368.68181073139954 -2198.81531364965622 -542.831301411434765 3
-453.24004159621893 -761.18163562679797 -235.468855253239497 -1375.99717082356574 -2196.78791935606705 -545.280753261581481 0
-444.923475051717219 -759.48553731204845 -230.255992097009283 -1373.69228766143715 -2204.05731071546961 -543.769967932657778 1
-453.03359212474129 -761.083122059893867 -237.16433885960663 -1375.36476397360184 -2196.4929608100806 -544.733137573723411 0
-446.701760279596385 -763.30367207683787 -231.850449539747331 -1367.98282601803771 -2198.56739863553457 -543.766488817420623 3
-453.30973895261593 -764.877999567071356 -238.04898939670079 -1368.11115054628749 -2202.65767096710078 -543.939594014417821 2
-451.738650472429242 -765.128646787887078 -230.364341466738466 -1367.3020240787821 -2196.44296038653192 -539.995431368142363 3
-446.246181866913673 -764.740359884371287 -232.541710967257586 -1368.30195562559697 -2198.10804368623121 -543.10985312791388 3
-453.350141784581012 -761.387281050539741 -237.322666896622763 -1376.2106753677017 -2195.6887751185991 -543.369439015695662 0
-453.467372113899103 -758.929736219337087 -236.028028095617685 -1370.53083376693257 -2203.1777771314014 -539.521595533172899 2
-452.665832037667315 -764.832430971724534 -237.309877329898512 -1367.99350598715978 -2200.00115156709398 -539.311440964026133 2
-444.939101336370129 -762.662084101091068 -234.062598148625653 -1366.33504597438878 -2200.45742358015286 -541.88607695043811 3
-447.317133840280292 -763.129395487450665 -232.042553233560511 -1367.23541661446438 -2198.94843261761571 -541.729089181167751 3
-451.801208367535878 -763.792619480599342 -230.593144007711402 -1366.26493886706976 -2197.19210459845453 -540.988004125787711 3
-448.794733937948138 -756.800965343155667 -234.984737167766127 -1373.67569920006599 -2201.51316329142946 -547.833419982252508 1
-455.764183702218872 -760.087877248048926 -236.690849468086157 -1370.14095450039417 -2202.07733252408616 -539.684051969700363 2
-447.978475645233175 -758.202889640553167 -234.786074819254054 -1374.3869535748579 -2200.59752049624694 -548.393472824120295 1
-448.722818218084342 -756.029386265817038 -233.699248733217019 -1374.42286095011991 -2200.74794843718701 -547.116559135033867 1
-453.3440704897709 -765.754324898129767 -237.207001100764131 -1370.44903123431186 -2203.17182289656284 -545.158872200085966 2
-455.102934840751573 -762.103783156561462 -235.171116839705945 -1376.16283710733296 -2196.65114917243454 -544.693687295425207 0
-451.862909987998876 -763.660913392748057 -230.998311016520688 -1368.73965849078763 -2197.28499029976274 -541.490933556081586 3
-446.192605477929192 -764.016756611121423 -231.129509818095869 -1369.31483237960629 -2200.08614472021964 -540.747600045784452 3
-445.574758847900284 -764.547655357325198 -232.565863053958083 -1367.75991636061599 -2200.13935211002718 -541.82359968126957 3
-445.580146892652806 -764.66310554752522 -232.658156184284536 -1367.62422866101656 -2197.82656781729429 -543.252785507312637 3
-447.408160810953234 -764.286085075083406 -233.015537517266182 -1366.40122686951486 -2198.25202703223385 -542.642634487002738 3
-453.335234008931195 -760.996232681977858 -235.206239870850737 -1375.54979190957238 -2195.06883283642628 -543.202558826458699 0
-451.531240612054376 -765.226074482770969 -232.017715596514876 -1368.07956861057414 -2197.32756190030887 -538.914414516646502 3
-453.021700365082665 -762.749621959465685 -236.336457022555521 -1376.56512440448682 -2196.00136966056698 -543.7888937674619 0
-453.26077631488937 -765.907667924108864 -236.955770992743055 -1367.45523079922282 -2202.49528886722555 -544.726415156932831 2
-452.442776095736917 -762.125447817777172 -236.633551878151309 -1375.24101727548418 -2196.17797794393982 -543.043545788985284 0
-453.976447840701212 -766.078621759232988 -235.278062427768447 -1368.59605388383852 -2201.15711016779414 -537.400719454645468 2
-453.436984462487828 -763.717074644132822 -237.1698645581383 -1375.36036086929585 -2196.0686512700413 -543.42604761177779 0
-452.582302291252404 -765.92164384574528 -239.773658987179658 -1369.58762931779302 -2203.5769055682249 -541.742734010048025 2
-454.585694500493446 -758.490688809754033 -236.363348590857214 -1369.32732780612378 -2204.87123544036558 -540.950178082244179 2
-453.431386209581319 -768.034681946328988 -237.742889857417595 -1368.40383324570598 -2203.26719097035448 -545.165992132470251 2
-454.703759081397095 -760.896836908232672 -235.684506210934416 -1369.67171291208524 -2203.11862780512911 -540.392372587452314 2
-451.987689266823566 -763.911121212613011 -230.085246293750487 -1368.19430138654297 -2196.91811737622538 -539.98143228958827 3
-454.393985498886195 -762.982953012856228 -237.083288736511662 -1377.56250290874891 -2198.05412107200345 -545.189407066254148 0
-437.375569984113895 -747.068755337246671 -228.456411777059998 -1382.81804110939424 -2205.62825536426726 -525.420217953529459 1
-451.69661726586537 -766.007175246303291 -232.04113098605697 -1366.80515897706914 -2197.98063112884984 -541.326182598770174 3
-444.599717643901613 -759.37437282214978 -231.794052411515509 -1374.04157506197339 -2202.58186757263184 -543.801211988168461 1
-445.091573449681164 -757.742985243878593 -231.1292689093967 -1373.9968734796339 -2202.87104790352578 -542.987739627113911 1
-452.431857837794155 -766.537847885095402 -238.650063043507487 -1368.22619214858332 -2202.73111383293417 -545.573941927343526 2
-452.742232426354235 -766.581024733131471 -237.65315547605482 -1368.26673220189377 -2202.82617440422382 -545.449802105318668 2
-450.557397108231271 -765.178746406830669 -230.970046139291554 -1368.23107547198242 -2197.15250283394334 -541.442271680961653 3
-450.440819443242276 -764.067178712754639 -232.082971376452207 -1366.47324833793186 -2197.05242139166467 -542.418014859375376 3
-454.864367521580562 -760.088628019291264 -237.31660734899117 -1370.17923524533126 -2205.32112189384543 -540.709391628567118 2
-452.303808707398446 -764.88959380792403 -229.600452385291106 -1369.00384248528871 -2196.7937561171284 -541.388128168448588 3
-453.029693034777608 -759.385035651937301 -235.737908673000504 -1371.14994517324499 -2203.57035151035552 -538.825505184077656 2
-451.427763724504416 -763.40651740933788 -236.900756362846124 -1368.76434087867847 -2199.62715090250276 -537.596126308175599 2
-449.702146451478256 -756.100004511187876 -233.604243985875314 -1374.14849798891396 -2200.0664245267144 -549.515506544686673 1
-453.379867472184685 -763.018510523307668 -236.216173185226779 -1374.88297070860472 -2197.54364536265803 -544.423465626457528 0
-455.357792459936604 -759.543099342100959 -235.109379312829759 -1370.35178556114465 -2203.30487467176044 -538.370667175560129 2
-449.609484775095268 -758.217638128192789 -235.586260112810351 -1373.66622542364894 -2200.77277435749602 -547.619833855115871 1
-452.018796859250756 -764.120878694928024 -236.881144268048274 -1367.59446501983825 -2200.12199252290475 -537.632076539055674 2
-452.05210477295833 -764.821617011979242 -237.695552383418459 -1367.94395071230952 -2201.57991551195983 -539.158508304559177 2
-454.948412492513398 -759.743243456487789 -236.695127449849679 -1370.04768456985153 -2203.70684173756035 -540.58122514849731 2
-453.246984591094133 -767.127778688371222 -236.457672381785841 -1369.7305617605798 -2201.20535462197995 -543.53582159074972 2
-452.93427315164962 -766.520744587960166 -236.243023684996899 -1368.60295365247271 -2203.28423484748964 -542.519456103444099 2
-452.529864798104882 -761.2683320731511 -235.942090963070086 -1375.03873562720946 -2195.8044996701542 -544.542489684657312 0
-453.451893920514465 -762.075927911603117 -237.125937661279352 -1375.87233283201363 -2197.82076529443066 -545.203886622421123 0
-448.909716491977463 -757.331535137092601 -235.690916880906912 -1372.60780495477479 -2201.36108335049175 -547.112645482392281 1
-453.425088540476281 -760.747201314919721 -236.932253456349827 -1370.30886924613196 -2204.70135301107257 -539.550150370815572 2
-447.587987407244327 -763.792638394778464 -232.816846971927561 -1369.21640179484007 -2198.00808811142269 -542.100289375150737 3
-454.10204127108068 -760.478613442347523 -236.300694027644965 -1370.54683745642615 -2202.41434753047724 -538.682072599473031 2
-445.295571735591636 -764.588759520373173 -230.113803516103133 -1367.27838496597997 -2199.50765714544423 -542.491034434003609 3
-453.542580831244891 -763.342809536261939 -236.303419888746134 -1375.96020119653485 -2196.55887755474805 -545.087329834989418 0
-445.502755815409557 -759.330974289237247 -232.074232436750123 -1374.64260612524458 -2205.09162561556332 -544.03328494984828 1
-452.223693977197399 -763.775469918861518 -236.491942561740757 -1368.43489954726374 -2200.79712463430496 -538.639968957681049 2
-454.560740414036104 -762.639531583162807 -237.897792766060974 -1376.96105328605699 -2196.36624145868791 -545.364301559780301 0
-453.985263725820118 -759.547891853195097 -237.911655352335373 -1372.64769771316787 -2204.11007767689216 -541.722736622349089 2
-451.069836970912093 -763.859495025009323 -230.785151611178463 -1367.16538914601301 -2197.98827997461149 -542.308222258609931 3
-453.85710583606118 -763.515062230485114 -235.888713311021036 -1375.03192694256541 -2195.95305726782635 -545.126419819541525 0
-454.879671637767728 -759.225435249177849 -236.523791454669009 -1370.07797062708983 -2205.10236371822111 -541.784225107704401 2
-455.32716548561541 -760.274306438437179 -237.171161101531368 -1371.19567249318106 -2203.78596183027275 -539.840990441351778 2
-446.586783869404258 -763.964359110720125 -232.463506964692215 -1367.46384329422972 -2198.40598212531722 -541.101248943164592 3
-452.409009374748337 -764.563281004971486 -236.46637283491944 -1368.91459379786579 -2203.74443769048639 -543.175825079676656 2
-448.404295539159818 -757.7866722329087 -235.297685381459758 -1374.7971589124013 -2201.51481405687719 -547.378947642893195 1
-453.466753319915654 -764.617447133434325 -235.024380008640293 -1366.2938781417372 -2199.58210698813991 -538.962561936700581 2
-451.845996180237307 -764.424090188944206 -237.785718607341067 -1369.26093498875071 -2200.42186182594833 -538.096545434654217 2
-454.779606135167398 -762.464884722914917 -236.871143325290689 -1375.42137885276929 -2195.93031659391772 -545.619985674106147 0
-453.718502880563676 -760.035748096532188 -236.84198585202256 -1369.71206373947189 -2204.33216237045553 -539.317624665538801 2
-453.020499969226989 -763.185719978632733 -235.858221074507526 -1377.02473586099813 -2196.08730487236426 -545.126086760771386 0
-451.580029693455231 -764.989247184471992 -230.801744332151799 -1367.48913842550178 -2196.41711374483975 -541.533612107303725 3
-451.488172423350704 -766.071080868737454 -239.160248306519975 -1368.53821824936972 -2202.02115643587194 -543.850537499945631 2
-453.145129634572982 -763.201111058750712 -236.276195320416377 -1375.71078921861999 -2195.36435784324703 -545.458556231481225 0
-452.950019136574554 -765.18545732312873 -237.991765649585091 -1368.92897533948462 -2200.45750030893396 -538.123831114074392 2
-454.253107183259374 -761.691897891804274 -236.521244657657093 -1375.62656206516476 -2196.23178544011716 -545.904453392753567 0
-451.054310592855984 -761.768479712650219 -231.403575329572249 -1367.54985239967073 -2196.02763374276992 -541.221938954613393 3
-453.39476845415453 -759.464821524776198 -236.462072563077726 -1369.99395406241274 -2204.03190624798026 -540.785799183046151 2
-452.164678734009158 -765.453611817171009 -230.706543649798192 -1368.44043094652329 -2198.65188800924352 -541.787298354471659 3
-446.029992388918913 -764.322233171392782 -231.714563474886802 -1368.61308665039337 -2199.81084010302175 -543.305560503647598 3
-449.105775579613237 -756.744554984143747 -235.710696456645479 -1373.873446890276 -2200.26440753135694 -547.032792293742546 1
-450.630778874472412 -765.114640490834859 -237.709541077430998 -1369.6190878440957 -2202.07312045541903 -544.239430909758198 2
-453.732495995248712 -764.622153583176896 -237.731745770906741 -1367.70826931670399 -2200.11008304006191 -537.145237919634951 2
-454.4544549467401 -759.066132618940514 -237.489225474961501 -1370.20857186755597 -2204.0273421380848 -538.232212408161104 2
-454.205806759313589 -759.625385701062328 -236.083983286743148 -1370.32769875951044 -2203.11419142952445 -539.328060875146321 2
-445.899867975207655 -764.247988982536754 -232.30549941143795 -1368.57165697808909 -2200.21565134245293 -541.311882561924108 3
-446.554261765541639 -762.828380308926626 -231.0894522981676 -1367.36029904348607 -2201.15769604532079 -543.74993332245117 3
-452.684594362026587 -765.91550559722964 -234.884452436631364 -1368.20303207488178 -2201.16543407281142 -539.928065519835627 2
-450.96100675557301 -765.637164536796377 -231.520052563898872 -1367.01442821220303 -2198.28616318521927 -540.681296209816196 3
-451.027322469207888 -766.716838407459704 -238.834583942706359 -1369.74227056036443 -2202.89250851723045 -541.333667750230461 2
-451.481565983788869 -767.42182872865169 -238.039267269582524 -1369.79690696102443 -2203.54305089569107 -543.062656748766699 2
-453.430425946281332 -761.330687643658848 -237.154925510084723 -1377.67404183922099 -2195.45708195210045 -543.786280359739408 0
-453.33892032376923 -758.875191192763282 -237.498271097600622 -1370.15588998878638 -2203.57034577442164 -540.705576575512282 2
-451.650450286910996 -765.157301680744126 -229.253970035825944 -1367.29451722326007 -2197.00761868094969 -541.183245844905059 3
-454.431577145483971 -754.164460403358362 -229.361129082415516 -1368.99591237978188 -2189.42017538056234 -523.566111394759673 3
-451.967984980336155 -762.150908307860959 -235.484699511232066 -1376.68362762440665 -2194.61641422149887 -544.430728564808305 0
-454.255155784561737 -761.824568338494828 -236.1132540770422 -1375.41556124358885 -2195.21167454600618 -543.046460681168469 0
-453.999044296723639 -760.501089533204777 -235.835603824396657 -1376.97218141841586 -2195.9704359608495 -543.490671612720803 0
-452.737679120025973 -759.159414958365687 -236.836392335434567 -1369.60907076970852 -2203.42984989842125 -540.594991952616738 2
-451.849623797699849 -765.46739449947745 -237.507740355038948 -1366.90182411883802 -2201.06209335073027 -540.311301497936483 2
-452.589037518211228 -766.302785317912367 -235.170397703974686 -1368.54779571563563 -2204.59741823532249 -541.589872862399943 2
-439.76294902104155 -761.047989873343454 -229.607580576024418 -1360.78923553730306 -2185.035149371241 -531.977953529472984 3
-451.900856327744009 -764.668163076601445 -230.899388552450176 -1368.09840747174553 -2196.46269922181773 -541.245041512244939 3
-454.143705882645918 -762.582831876198156 -235.998597668997746 -1375.68462366949529 -2197.51531744358635 -545.628470279781482 0
-445.991870159615701 -763.45593603903626 -231.28371247527204 -1367.10427529188223 -2198.40968574847557 -543.361875145381191 3
-444.97073855721527 -758.943298905274787 -231.859391799375885 -1372.76284590543764 -2202.11588543713151 -542.732261959743482 1
-453.086709374224768 -763.798286140627511 -235.309267529803321 -1368.27844642481841 -2200.47460395388998 -536.455026174688328 2
-451.224641849052375 -764.45097859900136 -229.175897888662405 -1367.29845231681725 -2195.29807110574393 -540.742525706575861 3
-454.62385248551675 -759.556094667189313 -236.618656468568844 -1370.01578253670255 -2203.94866477107098 -539.480432370184758 2
-450.351761157546605 -762.791083436408712 -230.23881128917381 -1366.02117800148835 -2196.96547588685326 -542.380233866365415 3
-445.581884524480529 -763.930772384769625 -233.232599440737772 -1365.82218603616479 -2200.41498996410473 -541.907722879234939 3
-454.852621094627409 -765.082374270144328 -235.677832019031712 -1369.47058214752929 -2199.44045582454555 -538.721558145838117 2
-453.18327281382949 -763.151145150739353 -236.836985619595339 -1376.20344042271722 -2196.4029894261671 -544.249898403465863 0
-450.772680741926479 -765.439835451115187 -231.504100989535289 -1367.05696639924918 -2196.30821628585863 -540.954620167283338 3
-444.327239977065972 -760.144270619003805 -232.201552979351646 -1375.02115665986003 -2201.10252096427121 -542.990290700027231 1
-450.872832164357362 -765.19848810272606 -228.168596618918684 -1368.12557335062775 -2197.91583762399659 -542.383949308118304 3
-452.407571110806032 -763.545583034299739 -230.410299006949856 -1367.38444695390444 -2198.31873147377974 -541.414900112246528 3
-445.786251741719468 -763.653754460826917 -231.779119009328014 -1367.46757950501706 -2199.94399405721333 -542.523711885176795 3
-452.206688358773363 -760.908930455074824 -236.929263088520969 -1377.75013233047798 -2196.28517055964903 -544.432692425155778 0
-453.225063425104224 -762.777865298397728 -237.92719321099554 -1375.35435181137836 -2196.70858674061083 -544.389504009125972 0
-445.616577494922865 -763.184666578264796 -232.479103798685202 -1368.12052143124561 -2198.22366368092025 -541.518480856275573 3
-451.490437412139102 -765.400445986908835 -237.517074080234664 -1367.91181871496246 -2202.04170744327712 -543.340466951028247 2
-453.110585601768037 -766.674745037996104 -238.37046503757054 -1370.74567020409154 -2203.48946643157478 -543.741136682853494 2
-444.198313847455097 -757.564181769886204 -232.060262007632645 -1373.9209265860261 -2203.45748483352372 -542.926983901773042 1
-451.359677231749629 -765.306268758288638 -230.080644882133669 -1365.90824226283871 -2197.27129091650886 -541.935383610929534 3
-453.087751984969714 -760.193866419455389 -235.172423020654776 -1370.03637418707444 -2202.38137336291857 -540.520943513016846 2
-446.895379558228115 -763.383722243134457 -232.5163800921286 -1368.42044431941827 -2200.85569744666964 -542.155617501892834 3
-453.569138744110035 -765.052008900491273 -235.972284194634767 -1368.69604475345523 -2200.6502930687393 -537.628338703025065 2
-451.82631920099135 -765.808682710656853 -237.158949250561989 -1367.38042410540743 -2203.52785979661667 -543.481879912442423 2
-451.205051958245804 -763.832020412748079 -230.497337403143803 -1365.93599144261998 -2196.05129745018212 -541.763582641327616 3
-445.98983446125402 -764.483550710081886 -231.782953183153211 -1368.56279688224777 -2198.75787033250799 -542.692084231651961 3
-455.159802622390941 -760.491326617295499 -236.874336628346953 -1370.40142326409159 -2203.82633133978152 -539.545723802207817 2
-446.446683079157197 -763.100513179026393 -231.400384347406799 -1368.6321834825078 -2199.18367488775357 -541.873937149229732 3
-446.557960621039285 -765.005862962580636 -231.769117102600802 -1367.78186894156897 -2198.61739740716848 -542.898755135693932 3
-450.62784356615839 -765.581573890188338 -229.749478437395993 -1366.04699721648444 -2196.90260530840897 -541.04037062778707 3
-453.288728298127978 -765.914409303751086 -238.743387812352069 -1368.19721894125473 -2201.44772654004055 -542.225366752360515 2
-448.750833559372666 -756.153778004646711 -234.53112902435484 -1374.07188243592282 -2200.58571369343372 -547.909039653025729 1
-453.018889735388427 -765.735169862706016 -236.524313079356148 -1367.64758149177101 -2201.3732074110635 -538.381862155234444 2
-452.991532370006269 -764.875548602518506 -231.622862680013526 -1367.68696687771308 -2197.91644935471231 -541.387318811355726 3
-452.323901901290753 -761.859346793467921 -236.690652905748721 -1376.12548628763011 -2195.51229797847327 -543.715484599020101 0
-452.536870225304256 -763.755118221848761 -236.332516038503286 -1377.14995454833957 -2195.62922404721212 -544.429124881872212 0
-451.514282364956728 -761.926264317816731 -234.635793501077671 -1375.58498212060636 -2196.4534002225746 -544.08977786369951 0
-452.457906074353275 -763.110741071004554 -236.276606128296407 -1367.99252706778657 -2200.11137903029339 -537.851102067413763 2
-451.806038772486431 -765.804086510581214 -239.519945949723251 -1368.60458840098931 -2202.59618056431782 -544.799370787878274 2
-453.416234336084813 -765.3246799723903 -237.983277681281521 -1368.46816635361506 -2201.32443610394921 -543.876081660355226 2
-448.200824071270858 -757.785418115661855 -235.348142529024187 -1372.68768005651691 -2200.34113074480865 -548.434599614900662 1
-452.687229177863685 -760.140865623554078 -236.694782456406216 -1370.57997595335155 -2204.80879398329216 -540.964350953434405 2
-453.029423148735134 -765.501295211584193 -236.952076436304537 -1368.30485851196386 -2199.0392050964133 -538.596439737545325 2
-445.935803322767754 -763.909143373942811 -233.694378905216894 -1366.71500834536914 -2198.07790356031637 -541.588444126317768 3
-452.515671082459903 -762.203481723823529 -230.039061067741727 -1367.88375509833782 -2196.7702581625972 -542.135787374665711 3
-446.112900331417165 -763.422644125535612 -234.26438806534884 -1366.41198062890862 -2199.17436365501408 -541.708723532821068 3
-449.346689199146908 -758.723766582230724 -235.027893705220009 -1374.45932426329682 -2199.87101009058688 -547.131498356453676 1
-453.553787445106366 -764.434194040802367 -237.564396611317989 -1367.85740553432561 -2201.00070504887663 -538.080242168029599 2
-450.5557806347216 -762.819306409484852 -229.924247772054827 -1368.83485343045004 -2197.34082941066436 -540.931966696298673 3
-452.537403985159585 -765.974621527839417 -235.39026333131784 -1367.38816281709114 -2199.81441902130746 -538.707323490104386 2
-449.805141397227771 -756.030922326923019 -235.020408119638574 -1373.57306630066682 -2200.05100107222006 -547.322902328064515 1
-451.295003774596296 -763.379924297062189 -230.279092355609976 -1366.57749187699778 -2196.99827526709169 -543.059776777204206 3
-445.992150156913851 -765.624763638949048 -231.954432793523267 -1368.45100775152969 -2198.75344562034115 -543.739294945815118 3
-447.986016310360867 -757.676351728994177 -235.14831648305389 -1372.38184452948258 -2201.20681524544125 -547.446644749411234 1
-450.64396688799178 -762.691441122339597 -230.948441279140951 -1366.18336788495958 -2197.01232016929862 -539.954378682453466 3
-452.627131260114425 -765.546669478971921 -237.382987468184041 -1368.67137786274088 -2202.07003028025611 -543.031987436363806 2
-453.098412409586331 -765.313719200268338 -236.665163771914933 -1370.17300054557745 -2200.0669245665722 -539.323720306550399 2
-450.626032348870865 -763.401238128584964 -230.950398333656409 -1368.88505322923356 -2197.90085378142976 -540.38824883024472 3
-449.647068412069984 -764.821342248504948 -230.208383764421427 -1367.73592919936209 -2198.36753297635505 -541.307664484988777 3
-454.026898651911267 -759.644536078560236 -237.73218684527464 -1369.59026042927667 -2203.74032636694255 -540.994602945172574 2
-454.457816173299875 -760.363590380703158 -235.429604227410607 -1369.44169298090878 -2204.37094571141097 -541.085602163325689 2
-452.722497126677297 -765.234994410885975 -236.302551310688216 -1367.32785574868694 -2205.43455506087912 -544.00727039065066 2
-452.796007309543256 -765.427040431293108 -235.798498059728814 -1369.2589525845101 -2204.39371897091451 -542.247511566116486 2
-454.213157532422542 -759.090663512188826 -236.643963016260386 -1370.71916497583902 -2202.4073457268637 -539.006467698511983 2
-455.470230025011631 -760.23004495987675 -236.064663579338202 -1368.32505581142505 -2204.57577186006984 -540.751836572383809 2
-455.667082657636911 -762.746233229887594 -237.030542793949849 -1376.40787497390943 -2197.70859593436171 -544.811054153323767 0
-445.434798098490717 -762.321196929598159 -231.41322057828242 -1368.58372087149155 -2198.99876240394451 -543.302925126080254 3
-450.416578638141118 -764.84630410659679 -229.295183994901265 -1365.99953861555764 -2197.64215189545303 -540.289724961271304 3
-453.249152442291518 -762.680746074902572 -235.621534239491638 -1376.37550135509423 -2195.61045806010861 -543.717773851445372 0
-448.97687824040139 -757.86943318250394 -234.925586990551324 -1373.31014206935015 -2199.14264617720664 -548.577261960348437 1
-447.626920362827605 -756.955118389029735 -235.717050220611981 -1375.73746313386187 -2200.66295209447208 -549.461917591246106 1
-450.366628069031719 -758.653316499278503 -235.627844136297824 -1373.7378957898386 -2201.91819442371707 -548.462299813185268 1
-452.454186530093125 -766.378584121007862 -230.151022339967625 -1365.49872812391368 -2197.34659377910657 -540.830371473436344 3
-445.1787232117602 -764.859359026657899 -231.215333036051959 -1368.42648837050729 -2198.73020333509339 -543.481863054447558 3
-454.445292230658652 -761.150565073804614 -236.043077559722462 -1368.81703920505265 -2204.38608067306814 -538.79060125938679 2
-451.59487197981673 -765.15685942662526 -232.988969888071125 -1368.30340051087364 -2198.19473136067836 -541.038593258004084 3
-454.992294773603362 -761.611488978586408 -238.167941997493699 -1377.55740685596948 -2195.57676335417364 -542.673919040419946 0
-452.953949484979489 -766.711566639699299 -236.757298796895071 -1369.60086329048681 -2202.09807123424025 -542.778807995060447 2
-446.703481588262719 -763.376908148269308 -231.171799953708302 -1366.87503274469077 -2199.06715658603571 -541.600316022434754 3
-449.655961326261377 -756.715840061617314 -234.729272180153117 -1373.92051735327027 -2200.54556040614625 -548.439632996299565 1
-453.845122785141768 -765.803966376395692 -238.084006046124131 -1369.54841325831239 -2204.73000621626852 -543.247723398409903 2
-452.969810583358765 -764.32777592132129 -236.659545499900418 -1368.51243672436408 -2200.89796260605999 -537.908249268988129 2
-450.490332811898668 -763.58176442622846 -230.004511313750584 -1366.10420676139256 -2197.00126895136646 -541.945776516433398 3
-453.114981047767685 -762.231618324438386 -236.115737316453163 -1376.85688146791722 -2197.15698434806382 -543.454320203758357 0
-452.68079569679594 -764.619633788488613 -235.117924350160678 -1368.63563800297493 -2200.73541954548045 -538.289879937807314 2
-454.554565633476443 -759.609672728263035 -237.482932875425064 -1369.54052256264572 -2203.7765295299082 -539.007421758403439 2
-446.342810889791451 -763.75036822465097 -233.777882059033715 -1368.08325232354287 -2200.5492892387042 -540.973701268401555 3
-449.929583442034016 -759.263697211643148 -234.99758352928464 -1374.14335119239649 -2202.40573332032864 -547.820459973113771 1
-445.454870369151195 -764.568846693177875 -231.414666665258494 -1367.83471593634613 -2198.82416272000455 -543.245403169028918 3
-446.377866679616886 -757.877912665126246 -235.786428836123889 -1373.55314238847586 -2202.12303065792366 -547.567447355100285 1
-449.299895422436066 -756.799391871133935 -234.68737843497351 -1373.7078141147706 -2201.98804225092499 -548.095995594493161 1
-453.06439781024568 -766.664452299853679 -237.260569885383603 -1368.75148999055386 -2200.689539378061 -538.455568101363269 2
-454.381823062212561 -762.790495803469412 -237.646101930393485 -1377.38380027800349 -2195.39635325214613 -543.282283320357351 0
-453.637592199998778 -759.566070473294644 -236.801754324173146 -1368.88485009946362 -2204.70215574126632 -540.156362580636028 2
-453.37365977080924 -764.520560303317666 -235.603128346106161 -1377.84277043373982 -2195.4417497112031 -543.822811682090105 0
-451.627669858631236 -764.359664774234602 -238.372724764046637 -1369.37435373945232 -2201.83944870247342 -544.568212298380445 2
-452.917923848547105 -759.923518534652544 -234.752930812622793 -1378.70412952864831 -2194.65334132355156 -544.981917079526625 0
-445.732318216447652 -765.082730269002013 -233.402210137509257 -1368.65108664915624 -2199.07170727013045 -541.984472255919059 3
-445.654371369190983 -763.61346981976908 -233.386718382824512 -1368.40960501925292 -2199.4347751659011 -542.997620008678041 3
-446.797767200857379 -762.430860975874452 -231.80144462544078 -1368.21391062444104 -2200.42898111677141 -542.652445301567582 3
-453.691979475154426 -763.239170834201786 -237.165004420335208 -1375.14218389752682 -2196.38622013058011 -544.025510843845382 0
-451.156277353339362 -764.054677713801425 -235.143696138909576 -1368.39833090456682 -2201.344904999964 -538.728959042085648 2
-452.200553078199846 -763.280253712877993 -237.039420786035265 -1376.56717923054089 -2196.36757175587945 -543.419631256333787 0
-452.537672449576519 -765.386797291153925 -236.640229734767587 -1368.71594090067993 -2203.48376601788914 -545.184826775730699 2
-447.769759868191727 -758.147306487961373 -235.937907893907266 -1375.23803740342987 -2198.65043072050412 -547.425285151667254 1
-449.571555514477438 -765.981888732643597 -229.952060617586625 -1366.60562446507333 -2196.00640067265704 -541.302278269250564 3
-450.921035204781504 -763.822256625148498 -231.546412743007153 -1369.17445435200602 -2198.09821920775539 -541.254954204720661 3
-454.050838663630373 -760.771587771311147 -237.549163386385686 -1369.56726889547781 -2204.20827213738949 -539.807612905289147 2
-451.937080709820179 -764.948135290613777 -231.024081189964676 -1370.08381311861285 -2197.07307960186336 -543.088209120841952 3
-444.979863845759667 -759.755863943231589 -232.344231400564325 -1372.78000285146231 -2201.7667240689766 -542.531565506157904 1
-453.015507648362131 -766.91503722772427 -238.489034609567739 -1369.55371960091566 -2202.57331446851231 -543.801370870464893 2
-453.535075151757894 -762.44532069782008 -236.106186903364403 -1375.82148092748275 -2196.6053494928442 -543.609539507517525 0
-453.73409753987562 -762.087657850294704 -236.157024819682647 -1376.17512671429495 -2197.3327449408489 -544.608717945428793 0
-453.214354017977428 -762.763973834040826 -238.842944644015546 -1376.73168694542187 -2196.08298581455438 -543.854111624950633 0
-454.518814106181196 -760.165376603790037 -235.970541966888874 -1369.59689487718424 -2203.97221815486182 -539.364039501142088 2
-452.195404898251695 -763.24241448041721 -230.825916347724814 -1367.2360569629916 -2196.33458378255045 -540.401400676945286 3
-451.683732987267661 -765.82078319917207 -236.764927061913568 -1367.37480156996821 -2199.99027979780158 -538.591351342977646 2
-453.90532229193326 -761.953166564005414 -235.877673001085924 -1376.48547587655275 -2196.96741965969113 -544.186820864620813 0
-444.292949645736314 -759.726003255178171 -230.242200176832796 -1374.4945845267323 -2203.63389146051395 -544.363960628325117 1
-454.181542400839248 -761.699748474449393 -236.750834374354952 -1375.62503470443994 -2197.34579090248008 -544.567611588840919 0
-453.332565491351204 -764.561712678126923 -234.558711781500165 -1368.0550669357367 -2200.2399277988111 -538.187119858149458 2
-453.215671656242932 -758.00043663735164 -237.257037972328192 -1370.51292953438633 -2203.5669155002297 -539.052361375870305 2
-447.94314703284391 -756.780061190792026 -234.737310529768479 -1374.17960974386142 -2200.16190422799855 -549.372075891762165 1
-449.129528888766004 -757.713930822177645 -235.877176716650951 -1374.29521275576553 -2201.05653413131859 -549.058994973359404 1
-450.792614089787378 -764.711769959987578 -230.037231311088703 -1367.47439423722062 -2198.14940651654933 -541.425949741519958 3
-447.007195791929973 -763.475064720054547 -231.803249473196701 -1367.1940696388624 -2199.98397077445725 -543.793139619404201 3
-453.156018070257915 -762.019772169755356 -236.617200474855622 -1377.75168713724838 -2197.09666202502831 -544.145542189772527 0
-451.0064559178075 -763.65753769682442 -229.066491031667368 -1367.83815141196465 -2196.8326302896653 -541.600597734800772 3
-448.400701972051138 -756.629074679363725 -234.53475608057343 -1373.57316090434369 -2199.79472400338318 -548.374082381862081 1
-452.325777545620383 -763.119409422798071 -235.886080986119651 -1376.7054955222734 -2195.62686711638207 -544.505927497285597 0
-454.29832353531441 -760.185258028957037 -237.076348856012146 -1370.85135918038281 -2203.64974743674702 -541.18415893768406 2
-447.611431863391317 -763.294821075750633 -234.271002688008679 -1366.00287547881567 -2199.26960199125369 -541.480629630415024 3
-451.573498389485849 -763.991413795576477 -229.89967706676066 -1366.01831798296212 -2196.70037421148754 -541.882754616987768 3
-445.586480532918983 -755.349597286371932 -236.206165369036398 -1362.40209442689047 -2190.6203999582558 -555.352764615746537 1
-448.221052763387092 -756.841871528733009 -235.065898778915567 -1372.94044163073704 -2199.87003228057802 -548.010714613922346 1
-445.664071662363256 -763.56149870959041 -233.494783749054307 -1367.40945853531116 -2197.51536854509504 -543.314257609844049 3
-453.854384752102249 -760.82086887745686 -236.92012243400967 -1376.18707700583127 -2197.79128730091497 -544.077364843934902 0
-444.134018930991829 -760.026020491083955 -232.68579485886562 -1374.20844049585094 -2202.69430551834193 -543.330958746451643 1
-454.230781930942214 -765.5103847350249 -235.774870861208115 -1368.41662118526051 -2198.74125032820075 -539.788360887434806 2
-455.528256764549496 -762.015838622747651 -237.532616408934956 -1375.56527759479172 -2195.39675358993509 -543.975230187872512 0
-452.287125897202031 -764.395638038620518 -235.909823927165831 -1367.94372387112412 -2201.37624339769127 -537.555435719305024 2
-453.10452588800274 -766.198238093849682 -236.043878488842836 -1369.42772874111779 -2203.81681723105066 -544.785188715712593 2
-450.794908771361861 -764.126837304399942 -229.20553454810107 -1365.82676933901735 -2199.08316182916133 -540.581587235320058 3
-452.760921393003514 -760.852746882629162 -238.414819880575976 -1375.56603120872614 -2196.80724263625916 -542.859773786286269 0
-452.763318572035814 -765.549037757023484 -237.49583812665486 -1369.37562931106277 -2203.12061316910922 -544.027210354281351 2
-454.621004042706602 -762.92957083745614 -236.088256508455146 -1375.95058281713182 -2195.19798293596386 -544.331637818330364 0
-454.223268105063482 -760.808425331031458 -237.521713720617811 -1367.67776656502565 -2203.24728588444577 -539.516944024635677 2
-448.858980802882172 -757.276837393378514 -235.056616339522492 -1374.74684759728257 -2202.25089185786237 -547.714492181990977 1
-452.436892964199444 -766.082502980301456 -237.242844547778901 -1368.78870653869171 -2202.09294391388039 -544.614000834889907 2
-446.312199235853313 -759.697868747062444 -231.719065029845297 -1374.76503918771004 -2203.26902915514893 -544.956833643153232 1
-453.709941988038793 -761.56624843057898 -236.957572711158377 -1376.39328073375623 -2197.38258011050766 -543.361264855860782 0
-455.69416961130662 -763.114089582778888 -224.174826290560446 -1376.94406878351629 -2207.33784490078369 -543.76257723532467 1
-453.282617364431701 -759.629106750291157 -236.763956390781004 -1369.66459580835431 -2203.38137390016436 -540.589452099992741 2
-451.528002681502471 -764.211426287216227 -230.292277016390585 -1368.0130650804881 -2196.99127298312533 -541.743504175407338 3
-453.497562819183031 -759.692681197329648 -237.136701461097942 -1369.91193558368559 -2204.76793237193533 -538.228964847047678 2
-446.640268356449951 -764.731257753572208 -232.544115514863222 -1369.65415234296574 -2199.845600906654 -543.016019431176574 3
-452.366684593805473 -765.080119501282184 -238.34680612847859 -1368.00428243935494 -2199.2882812945827 -538.206364866150125 2
-446.946152137015304 -768.823160600263236 -230.26494262257151 -1364.65751826829728 -2206.98578520168712 -544.328021553368671 3
-445.555152384210658 -764.567213200063861 -230.958243107879696 -1367.07293459129414 -2199.44574098928797 -542.156581641693606 3
-454.71226056072851 -763.039798182421691 -235.434020057762297 -1374.81740562629125 -2196.16220376568162 -543.300707928996985 0
-453.50127120222237 -763.649841869033935 -230.024754509625041 -1367.91239985257289 -2196.91932604021213 -540.9825846261283 3
-451.041849008812278 -764.363484667143666 -230.666909961920595 -1366.68494468981589 -2197.21823985783249 -540.0955520634501 3
-454.903262414338883 -762.997282899827269 -235.945916435744834 -1375.47356013595072 -2195.52496181336755 -543.536152473308903 0
-445.744861040140847 -763.806462413326699 -232.448411492888823 -1368.66842657659436 -2199.40133589553898 -543.948233027570495 3
-453.773628001952375 -761.050788307052926 -237.186911070405699 -1376.59539818768849 -2196.29463387599526 -543.180367957431372 0
-453.159148764730958 -763.212290497250251 -237.406466650754538 -1368.44011152233315 -2199.91759838417238 -537.772232916418716 2
-451.18647470694367 -763.264237905519849 -231.211501913241449 -1367.786171120066 -2196.98824516408877 -541.483153090705855 3
-452.188831417854942 -767.264054867659752 -237.401046641075169 -1368.79961740613612 -2202.64051509326191 -543.025897757032681 2
-449.525522782949793 -757.80853263553422 -236.646376752052817 -1372.61167216060539 -2199.90281941188141 -546.277387325351015 1
-452.38244451815558 -764.091222294253612 -229.928904978468097 -1366.57253346106882 -2197.13786032601911 -540.532440066362142 3
-449.928638366493203 -765.444385911377935 -231.390877585053119 -1367.6653083804099 -2197.65675710383493 -540.143663806235054 3
-451.582195583760097 -765.538723986616105 -229.566981750426436 -1368.14628554445926 -2198.53965030830159 -540.80162421495038 3
-453.095815761697963 -765.663091964638397 -236.229519364645455 -1368.58949483850984 -2199.86520608561386 -538.797896915688398 2
-453.532129474099008 -764.793671984450157 -237.054911699694799 -1367.09468906279631 -2199.64856083391351 -538.857272390726848 2
-455.044972947075735 -761.970987368412921 -237.707043448432557 -1377.26256070845238 -2196.16593378673633 -543.609490380984653 0
-454.300134793182963 -764.509835040448138 -236.645987359962589 -1367.91308216903371 -2200.60119567185757 -538.827468761032264 2
-446.28174207470903 -763.482235592834854 -232.364331453374405 -1366.44026745826363 -2197.7694369527876 -542.754307286214384 3
-453.581995044352766 -762.520802255330409 -236.186842249366549 -1377.50622970685777 -2195.46038380163736 -543.533913888794814 0
-451.662921791591486 -766.540034319973756 -238.56418311147192 -1368.20284904698246 -2204.4025725698948 -543.613321456423023 2
-450.886964762922673 -764.273277717068368 -230.073038764557452 -1367.73921979389593 -2198.44754545348451 -541.318656470369206 3
-453.403214508520193 -761.995789361369816 -235.385170993687154 -1376.35434590376644 -2195.99926820607971 -544.646732425963933 0
-453.617253815793731 -760.966926013855982 -237.348522095364956 -1376.04956706040662 -2195.62602349692088 -544.497300336041803 0
-452.781292298842516 -765.864766131814577 -237.720200353485694 -1369.58115677794126 -2203.85435250661203 -543.216902733585016 2
-448.010252713616069 -764.480468703921133 -231.219163781740036 -1368.28755670790633 -2199.40311426170138 -543.418370149973725 3
-449.908801850165503 -763.716074353773593 -230.546785515505661 -1366.27234434679008 -2197.62292621675579 -542.476860796858773 3
-452.923114627179132 -762.999825099646728 -236.917729389836296 -1377.13164408517628 -2195.89379566155094 -544.812008267803208 0
-451.251352096021151 -765.01524405889927 -237.342222111964929 -1367.47354227019764 -2202.98166195387375 -545.039189094213384 2
-451.220706142588995 -766.435027499812463 -238.510896198052706 -1369.67464112326775 -2203.64713687602762 -541.814970451395652 2
-452.961454392887617 -762.417158969521552 -236.983407290512588 -1377.22836685029256 -2197.35963125447734 -544.536586567213362 0
-451.169882314044685 -765.941034179515668 -230.451824724792885 -1368.54145676104145 -2196.75983072047666 -541.402332066283293 3
-453.182088581048106 -761.316983811381192 -236.580498705942375 -1375.9377249413742 -2197.25573718907708 -543.673398795468415 0
-444.984415870825615 -756.14975204711925 -241.944732276051326 -1373.78236167474165 -2194.23223887873564 -524.757861487816513 2
-450.287148550817562 -763.141468694760874 -230.960956963472029 -1368.74358096851597 -2197.23320897215672 -540.574106789745883 3
-451.38210652562077 -763.478126446593024 -230.98531928947358 -1367.34761627125704 -2197.76369578323056 -542.588299142019764 3
-445.001587053471269 -764.028657394511356 -232.837927097760314 -1367.0829816023022 -2199.05346274434351 -541.689236492827831 3
-448.88917506604173 -756.81236009835834 -234.905853405397636 -1372.79495088318549 -2201.03922183763416 -547.081102451165066 1
-453.432483100213119 -759.820481299118001 -236.384786920393992 -1370.60451213153692 -2204.03468262508568 -541.376747597452095 2
-446.281876718952503 -764.137240742278436 -232.777474409094083 -1367.55067940699837 -2198.62853729785047 -541.698868186505592 3
-446.374136257262705 -764.382026026270069 -231.061849527430468 -1368.78716068060021 -2199.55143560007627 -542.774832222127088 3
-453.759578221267589 -757.238116822531197 -235.154249648407955 -1370.08700884893574 -2204.18033540800843 -540.872064800205862 2
-454.025146454029425 -759.011761588896775 -235.313616206679939 -1368.33811871700186 -2204.36316012117504 -539.72792344342588 2
-453.886938024984886 -763.640610712695661 -235.00198068379396 -1366.49591988738325 -2200.93656158890053 -538.464777128421929 2
-453.58308355897185 -765.135208377984327 -238.463511849889528 -1367.76862258354845 -2202.15942517987878 -543.65356585087261 2
-446.393520786530246 -763.696385801289239 -232.29256190898522 -1368.3782039877367 -2200.26104896119614 -543.962483310377365 3
-451.836979735733166 -763.471027305253074 -230.673082260739733 -1367.43751817242696 -2197.08747610112277 -541.44102544361624 3
-453.165129849998664 -761.50066234560461 -235.983583768745888 -1377.52694920077602 -2196.37226937600508 -544.124477838962434 0
-453.884417675749035 -765.107638605869511 -230.358181472747077 -1368.22605497973768 -2197.33988447705133 -543.262033343104804 3
-446.639696896653163 -764.173938633234798 -231.91593854393696 -1366.96708968960934 -2198.30161605865942 -542.428176547841645 3
-452.958122686354727 -763.824083023344087 -235.780913687313017 -1368.77507168041984 -2199.70214990429395 -538.173219767419369 2
-448.052752413742439 -757.037578185595294 -234.040071962417699 -1373.18475853280779 -2201.51803738420813 -547.839593255069417 1
-447.624518665660332 -757.02437047157548 -235.360122191046742 -1373.87950758836928 -2200.76052624874183 -546.597964355601789 1
-451.404321488957407 -764.555770465333467 -229.658718393880633 -1367.78626371729229 -2196.8591899911462 -539.521851793462815 3
-444.703486140610323 -759.600345417825451 -231.65383272948938 -1374.69551472833473 -2203.04241622898917 -543.168873250179331 1
-453.039523561356191 -760.148961895739262 -237.838520863660676 -1370.10521274396137 -2204.48184796432815 -538.656145233396046 2
-451.941610912181034 -765.198604282112569 -230.529807659349842 -1367.2707708442988 -2197.7946519131151 -541.68629171133216 3
-445.354962886632791 -765.103584681417033 -233.242547617728547 -1368.20715879483078 -2198.21826597138579 -543.419066908270565 3
-453.357869784614422 -765.60529892541274 -235.852306710072526 -1367.65872875066634 -2199.33525808094873 -538.367137809149654 2
-449.681239552312718 -766.201488095375112 -230.356459784053186 -1368.39225974040733 -2197.88086024575614 -541.929080391040202 3
-454.100392941917903 -761.085687625354467 -236.91794771581317 -1374.81495301821383 -2194.79363466937866 -544.379239007206024 0
-453.452056500654066 -759.384966950808575 -220.968226221097041 -1366.81595337809608 -2188.97721110040402 -555.384390060678243 3
-453.765533471255026 -762.566954873602185 -236.93055689574274 -1375.00564805748513 -2195.87106602211861 -545.148713488130056 0
-447.4428557026813 -764.42516210132078 -231.984159843958537 -1367.28520236913641 -2198.982946705014 -542.838182632683356 3
-453.726856009243079 -759.102346362167509 -234.868762060368709 -1369.70200556977602 -2204.60035755419585 -540.513905418627246 2
-453.76126295826333 -764.82017186772714 -235.337253917170074 -1369.19331974610486 -2200.63547535549333 -537.862959896272741 2
-453.33035124468671 -760.452945083445684 -237.387558310446764 -1375.63975756742434 -2197.60051866066715 -543.426138434196673 0
-445.687906166262735 -763.444496427052513 -230.983472312032802 -1368.26467950281608 -2199.99767343217036 -542.356330558724608 3
-449.546310815742345 -756.864824241886367 -235.734205603399232 -1374.66032964689225 -2202.5595254531554 -549.171002961714976 1
-453.259034302131397 -766.777419424374671 -240.289516699682764 -1370.79962831862508 -2201.76810068453278 -543.030217242678305 2
-452.714178076055646 -763.683118400855051 -236.88680902519701 -1376.21357297612849 -2195.36516358725567 -544.15898724389001 0
-451.473433589732451 -765.764439303851759 -229.680080909796885 -1367.59712222732242 -2196.26500573467092 -539.486050548013282 3
-451.822773535176793 -765.665710558240221 -229.650020614903497 -1367.58836727827111 -2196.23207577371522 -541.231022687823156 3
-453.926319818801971 -767.401935884866589 -237.064471482085423 -1369.4664811120756 -2203.85209546830038 -543.959388404268338 2
-445.928114280998102 -762.85693093831037 -232.382002184659967 -1367.26042782179775 -2198.31014075297298 -542.106906523226144 3
-453.421628393894821 -760.724608862823288 -235.517153946221185 -1369.87754441372431 -2203.67921213838736 -540.557975703407124 2
-455.044297423348667 -759.299514974103204 -237.015195465244972 -1369.58087088818138 -2202.47671428044077 -538.797380617455701 2
-453.434648812500939 -765.503331307026428 -238.033250395412921 -1368.44401089983148 -2198.74546956583526 -537.953485662211961 2
-446.458218970154462 -763.742737291859953 -232.286313543105052 -1368.07962913419829 -2200.95656964810769 -541.552613257746202 3
-452.210572242024568 -763.889464092816297 -231.563608212304018 -1367.59710341108143 -2197.84248192564382 -541.744360535071451 3
-451.73085177985871 -765.7896636353546 -229.570842600663042 -1367.11703683955557 -2199.06242299831229 -542.633393715098919 3
-450.095966140569487 -759.462995004062805 -235.728693330051613 -1373.94850985827134 -2201.38345767213286 -548.801848661110512 1
-454.450851889358091 -759.562920086798613 -235.120878073101977 -1368.51620122286886 -2203.90373794791321 -539.003925830379103 2
-445.349439422417674 -759.402391527352165 -231.898656994172541 -1374.36792254572083 -2202.68276596409214 -544.363628916748553 1
-451.891682979234076 -763.891200799203489 -229.68402371085358 -1365.97886935118368 -2197.25324636266851 -541.506209655932707 3
-452.969670718885425 -765.392183626895758 -236.927005109281794 -1367.74900634333471 -2200.71234992587461 -538.118976941936126 2
-450.701318318973847 -765.38868026336911 -229.980198026648054 -1367.9119071460957 -2196.88159044668419 -542.300444059605297 3
-452.195413692514933 -761.924689898999304 -236.248073816092557 -1376.72259746236318 -2196.19109469488785 -545.240501881728051 0
-452.967054601817892 -759.554217696541059 -236.355102861849559 -1368.13846488018157 -2203.23105147239266 -539.782651299749773 2
-453.524238013744196 -762.458826727237351 -237.761998170158932 -1375.5791859748515 -2196.31462923868594 -545.789747747075012 0
-455.240498038344413 -759.74487678629032 -236.036437156974443 -1368.92698304146302 -2204.39398135374677 -540.82269523057596 2
-452.833445391650741 -762.315430010940986 -235.099879406202746 -1368.51594943795931 -2200.42099689247107 -538.830676814409912 2
-447.534263150180436 -757.001916150059515 -235.979790977305584 -1374.0658973621189 -2201.03789582840909 -546.244080567478818 1
-454.53068984703782 -759.828107978610092 -236.137689659987444 -1370.04727496168175 -2203.68916622190409 -540.018511800494707 2
-454.269793376929897 -758.550419835544062 -236.018657756177561 -1369.51581912064103 -2201.94400987851259 -539.222124066981564 2
-445.830294606064456 -763.471476519194425 -233.111614668953308 -1368.03695779238024 -2200.37588293758517 -541.165063771687983 3
-450.955308490998277 -764.068062788289126 -231.040831210695046 -1367.58271604283459 -2198.36285597991582 -540.32858532448779 3
-449.181137858985096 -756.98275792500408 -235.352519788347649 -1373.82539511863934 -2201.95980565886885 -548.309327534851036 1
-451.52180984412945 -764.675421533321696 -231.053249707557228 -1367.02309265543408 -2196.67832618800458 -541.794231852956614 3
-445.069819432093425 -758.402954467729387 -231.626620302049901 -1374.85947669505504 -2203.35902861639852 -543.654947814372235 1
-451.411728310518924 -763.448068537495601 -229.428048567192008 -1366.0637906678669 -2196.5209616682223 -543.547859738555758 3
-453.63722859421631 -760.754854364057564 -235.90800526258576 -1370.97434601896543 -2203.5731079698885 -539.930147949092884 2
-461.444311307432713 -765.200516211944205 -225.543822509448972 -1358.09263593699598 -2192.47947370980592 -554.660726882259837 3
-450.376029247608699 -745.011581723095219 -236.291371408434713 -1355.57590568632054 -2184.29802767855426 -536.474492717526005 3
-454.407200857138093 -763.595826689863316 -236.454768696617435 -1370.22165519721739 -2199.28953782865483 -538.079443907827226 2
-451.258477074729285 -762.439597680371662 -235.878089476104179 -1368.52378133236289 -2197.96612825689544 -539.629663277690042 2
-445.712228457740196 -763.813729104586173 -231.567299714014212 -1367.75781026357959 -2199.50917997977285 -543.134208819937498 3
-451.313624046723305 -764.786702350064843 -230.165969709401566 -1368.3404115829037 -2196.54914630558324 -543.282086942533397 3
-446.505052366346376 -763.128763191603525 -232.154486408966591 -1368.55443636357813 -2198.2725706458591 -542.306154928607725 3
-451.57576746870825 -764.371733050418129 -230.633932217214806 -1367.47143359133611 -2198.1629857463131 -540.370307419917708 3
-453.317828923054776 -767.441850198605493 -239.47588291660756 -1368.87994151542784 -2202.93790443888656 -542.560154465324331 2
-447.815639832958482 -762.69583759180864 -232.026384434414268 -1368.46301376640895 -2199.34667903708214 -542.604434767439102 3
-451.780699891280676 -761.229551663649886 -235.752972733966743 -1376.98735469844451 -2195.71477215643063 -544.484214757969994 0
-454.81121617241655 -764.351837646227864 -237.039948125260594 -1367.70728058768873 -2200.66793650892441 -538.512319175793095 2
-452.696423307771113 -761.596640006378948 -237.857954361302916 -1375.96445797998535 -2196.86993142663505 -543.311447817287217 0
-454.925336938832004 -763.233603473698622 -235.25336944608992 -1377.1459677587884 -2196.86142464546492 -543.843236575420519 0
-451.0988317108621 -764.201906996297339 -231.320760637271235 -1367.72175877352765 -2197.05583984695386 -541.854940234726314 3
-450.663289125736583 -766.653082336980901 -237.409318508382739 -1368.48077125988721 -2203.45133480221375 -541.719976964851526 2
-446.675309701231981 -763.00939415049254 -232.121374237862256 -1369.24641552406661 -2198.31086825396233 -543.108054849101563 3
-454.737768365188344 -759.5392732368623 -237.173275558119997 -1370.09892844800925 -2203.62145677940634 -539.815395641580153 2
-453.818321761643176 -759.455234495101081 -236.244839582668305 -1370.22719147532393 -2205.53713358839013 -540.87387071416606 2
-452.11395463251722 -763.239795487452966 -228.825199980184806 -1366.66004420225568 -2196.53183615679063 -541.075490642350246 3
-450.892925741924842 -763.872828417413984 -229.195659677882105 -1368.02873515067836 -2196.9128839190671 -541.419981164565229 3
-446.054523154187677 -765.717797126146252 -232.305033893601859 -1367.85907989621137 -2198.9570116274258 -543.475793819430919 3
-451.980000601642985 -763.104165311824204 -236.655020961256668 -1375.88506895632213 -2194.25276664252078 -544.274363158556071 0
-448.052795078038343 -755.893728222546656 -234.329546216073908 -1373.711868695985 -2201.11802648120374 -548.346190256634372 1
-453.138356313684938 -764.061557934267057 -231.016824897009968 -1367.12864166041663 -2195.45478733742766 -540.835848382347649 3
-442.276349337973272 -759.124421011060917 -218.25259925602569 -1382.20614222374275 -2200.48758596013658 -533.088143762626146 3
-455.812637219343003 -761.442498018808692 -236.834410755620922 -1375.64558487020031 -2196.39478628856295 -543.280849606686161 0
-453.661131658493503 -762.693082649946518 -236.916713383186675 -1376.68551902891772 -2195.84106654062316 -544.377536161158901 0
-444.394681480162831 -758.437438529153383 -231.63228027839051 -1373.7693702839465 -2203.93839507263419 -543.406283424974049 1
-453.545058516670395 -761.733945293259694 -235.908935395211756 -1375.99894812215462 -2196.22391254672812 -545.753541546906263 0
-453.84158270224907 -760.429198155132667 -237.130925787732622 -1374.62912697620186 -2195.67810717361817 -544.344774037348998 0
-447.409575749041608 -764.570367884526149 -230.87466381449633 -1367.09455225065426 -2197.29055509311456 -541.875715420231472 3
-453.277048287069135 -761.677660321342955 -236.3463947729079 -1375.41604852031628 -2196.69088958628754 -543.310220809710017 0
-451.110349893260036 -764.151097865756356 -236.351520827469415 -1368.60696439913931 -2199.87594124557518 -537.657748394026612 2
